45.8593268 -8.7468314
51.6908743 -8.3636451
71.9621187 -9.2923920
78.5072775 -9.1360623
73.3898961 -8.9098002
72.1227957 -8.7211554
7.9092879 -6.4776142
51.9960332 -8.7190375
91.7051733 -9.6229095
26.2198819 -7.5075516
56.9985616 -8.7046800
79.0376824 -9.0001025
68.0576399 -8.8363365
34.0877478 -8.1755144
79.3035097 -8.9598241
79.1596685 -8.9878196
91.7367275 -9.1660093
62.2209745 -9.0276871
37.7667842 -8.2622754
73.3076649 -9.0847279
62.3718499 -8.9112207
19.8169313 -7.3693501
52.7152280 -8.7375319
67.4324617 -8.9866339
56.4270733 -8.9317973
42.2994996 -8.1466451
94.6424433 -9.1354697
49.3176055 -8.5146460
89.1360069 -9.4318512
65.4631937 -8.8966450
23.2358398 -7.6594143
95.3748628 -9.4381830
26.5297592 -7.6773414
67.9508702 -8.9931252
13.1401218 -7.0651337
19.0300442 -7.5057713
57.2541817 -8.7288189
20.9624077 -7.7045068
88.9616671 -9.4907594
81.4712604 -9.0186262
70.3659076 -8.9204223
26.2966648 -7.8355991
62.2072643 -8.7792574
94.9719736 -9.1589190
92.6596861 -9.3046788
56.2556189 -8.7871950
86.2634154 -9.0932150
40.2182970 -8.1779499
47.0719068 -8.5526415
55.6950405 -8.9855386
