-6.7843554 89.3783469
14.3032941 225.8409983
21.6748512 583.0435733
1.4112016 68.0621905
-3.0667939 -24.7737677
-32.1745250 1578.4173935
-6.1877664 82.8227913
33.8246883 1600.9893510
38.4185419 2123.0012342
39.2733552 2223.9978193
-11.6183417 176.4501758
14.8249277 333.0255532
-20.2198728 701.1448391
-3.9974093 -9.3069439
10.4001831 251.8119949
20.1983801 556.5044568
39.0107299 2139.2009489
37.8297882 1993.2532108
6.5795810 -20.7764499
-11.2555147 221.6979565
-16.0313718 412.3502975
-36.7747816 2026.8979770
-11.3216996 221.6217709
35.1083083 1659.5725169
-4.3428175 26.2098804
-27.8780965 1146.7202469
-22.4392544 695.2049824
-16.4077495 458.5823169
-36.7774706 2030.0522782
5.2023142 39.3858904
32.4802136 1434.8098538
-16.2309525 430.8239882
-28.2695795 1140.6325635
-32.9933541 1627.5250388
2.0547178 9.9296998
-26.5647807 1052.9834805
-8.3308050 182.0281473
-35.9181783 1861.7184337
29.9157259 1309.9728998
-20.1354480 621.2319590
14.8793364 305.0353141
-36.4540837 1954.1645080
-3.4121651 37.5552901
-1.7167098 -37.2433165
-28.8102238 1332.7562405
-5.7160744 100.7531849
-15.8217119 358.7754096
-3.0757248 150.9255575
3.4473966 5.0175786
36.0368791 1808.5474801
1.6075900 -58.6093562
28.8092536 1094.9599038
-0.9809010 13.8368533
28.0597200 1045.7009349
20.9391789 596.7484434
26.7270606 1006.4667598
4.7078427 62.6323077
14.7671247 281.8159761
24.4787616 823.6127742
-31.3225331 1452.5103872
-13.7070314 331.6056781
29.0678657 1211.1314211
17.8617870 490.5975564
8.3913861 20.2706534
4.0449837 -46.5803137
-3.7830798 25.7172855
11.0026483 132.1625437
1.7033554 37.2207057
35.9131853 1835.8339902
39.7314428 2343.0317232
23.3551241 805.8316364
-21.7473802 731.2620162
-4.8978656 84.7417479
-20.7321361 623.7361990
12.5046434 152.0513453
11.6867962 184.6128736
-9.8725643 201.7216014
-12.9773426 348.4169974
-21.4170419 595.5855751
11.7580587 214.3244659
33.6883359 1636.5711298
-7.1374379 92.7285491
-37.9100915 2123.4808649
4.8027741 90.2199407
37.4601134 1979.3242068
-0.0530545 -18.3540890
12.9879551 207.1900159
17.9588722 493.2678043
4.0783498 32.9002655
-31.0645953 1477.1850264
-35.8964855 1945.2478244
20.0098318 509.0706067
12.9059140 154.8219259
-25.0085280 876.8105622
-27.1692219 1151.2389597
-36.1338237 1870.0554514
18.4066409 488.1442539
12.7004736 178.7526519
-34.7413250 1798.4966425
-20.0184070 582.1923064
-26.1944009 1041.7825545
-35.7718183 2021.0419950
21.4045747 695.3598797
-33.5633821 1626.7883022
-27.1252382 1056.0182243
-39.3894564 2310.0428567
-35.2902155 1916.1510277
-20.3518545 613.9162906
-7.7890804 97.8032431
-18.4553321 573.3833700
36.3236554 1896.1985554
-33.6864168 1720.4926574
5.0209652 41.6412953
-19.5523244 604.0048723
18.2801438 475.7202384
-22.6639113 758.3228708
16.7400301 503.6202649
18.3751433 518.4395932
-4.7611600 94.9956427
-21.2322906 544.8026063
-25.7105363 992.7064844
-13.0853446 219.8256187
21.5363008 643.6582941
-13.3015581 240.1523035
12.1679705 142.6547410
-39.5732585 2356.4870651
20.0430233 470.2466603
-17.7032657 504.9186298
26.8725510 1038.8450076
5.7005946 30.5122278
21.2066921 554.9194681
-24.8213177 951.6539980
30.4081151 1292.9594037
4.2919606 36.9255478
2.7585553 3.2502011
-33.9266643 1730.0272510
-6.3096888 53.4325886
-31.2502824 1500.5325518
-23.1969589 831.8788103
5.4959660 -22.3280673
21.0379473 618.4885257
-26.2008160 1028.2931877
23.0975872 797.4745201
-13.5769131 200.0150791
-20.2182782 680.1816603
24.4080652 838.6613495
-34.4826996 1801.2151441
28.4039660 1115.9827532
3.6857587 64.2171362
-22.4782879 694.4790704
27.0474752 1061.8377576
-29.1785925 1229.6160857
-14.3626905 371.0057977
-28.8474189 1329.4089491
-13.2251534 265.7459695
35.2430494 1751.7061207
-32.4910732 1553.0985893
-35.7032476 1866.7164760
-15.3360563 359.0211647
-27.5073635 1112.1960798
11.9939859 147.3461909
30.0421486 1278.8509186
0.3925845 -62.8644566
39.8883880 2265.1148682
-8.9262953 128.9629395
-38.2780192 2170.9559225
-10.9976629 268.2838853
26.2244926 961.8166256
27.4112465 1052.3742198
-27.5214456 1147.7925840
39.4300623 2141.2962968
-18.7851955 472.9384770
-34.5439196 1784.1097327
13.0657634 173.6685826
3.9368507 2.6651000
-30.6061841 1428.1716587
39.9603949 2148.2687802
-12.2231724 367.8671602
-4.7086052 25.9524568
-29.4328895 1300.6917207
-26.8193341 1112.1137582
2.0032217 -99.2298738
18.2166536 473.4624188
30.8598068 1298.3230393
-13.5976815 281.2781402
30.4471478 1304.8900770
11.6499230 147.5792038
-2.4519357 1.1201880
-8.9120730 101.9966079
22.3180461 694.5031006
11.9638170 211.5150003
1.9100678 68.6777982
-31.8636282 1549.6742178
35.0039818 1649.8585391
-37.2851324 1999.7162370
-24.0514952 895.5128696
-31.2505377 1452.2241154
-35.5868786 1888.3357001
31.8494620 1536.4856014
-29.7630220 1404.7550815
6.5194910 39.9701368
2.1357281 -24.4162323
-14.8669082 381.6642373
32.0859744 1414.9375115
-19.5266634 538.8627489
12.4236694 236.8765464
19.0090048 468.9865380
-37.2131012 2154.1406157
-21.7198328 750.6639851
15.2074116 271.7417657
20.2181647 487.7120487
35.6512755 1850.8482196
22.8669425 794.0440268
5.0559144 6.8065983
10.7366039 133.3389275
-29.5913325 1380.1135260
-9.5868384 118.1371223
28.9259788 1201.8392722
0.5767328 31.7606405
34.0575070 1661.8838120
21.2701074 630.9044942
37.6660748 2032.5867572
39.1253502 2172.9340796
-32.3100683 1612.8817170
31.4147065 1390.7872869
-37.9373805 2116.0830145
-34.2719287 1823.7999118
24.7983509 829.7938407
26.0790152 903.5692401
30.2799552 1158.0353970
-4.7892875 52.3624846
6.0142717 -39.4049439
-22.3057337 756.5644150
17.0232671 481.5283757
-29.1727921 1337.9956326
-27.8417321 1202.4493606
-38.0029986 2134.1031255
25.8595413 1023.7953429
-15.8209033 475.5290542
-36.2412718 2065.7729474
38.9397862 2135.2320767
-11.7060195 246.1914509
19.9194929 467.7574549
-15.2330427 280.3162852
-32.6200381 1532.9155478
34.0137428 1641.2812600
-5.8987197 23.6255781
-17.3331253 441.0382694
-30.2028725 1407.1139937
34.4544638 1613.9796854
35.8473240 1886.5197250
8.6499985 44.0817717
-35.2967839 1816.0886546
-9.9953608 246.0075247
-31.8299792 1472.7529963
-9.8306303 188.2079752
34.3109839 1675.9267081
21.3090579 632.4157308
-30.0559125 1352.4022198
-25.5190797 980.2602554
-5.2627795 49.0097455
-10.0360844 171.7511433
-7.0402014 52.0099693
-30.8805489 1449.3959790
-11.3240529 273.1333391
-31.9696448 1518.1830371
-11.3321766 221.8024867
-28.2872159 1227.4621574
-19.0004780 655.3767675
38.4445384 2108.7402446
2.4288875 15.6238708
-4.0574367 -40.4011176
-39.5139482 2399.9858126
-26.4222197 1111.1652471
33.6388683 1615.8465957
-36.5796176 2029.3011200
25.0491493 795.4544582
-3.6105024 34.4101675
1.1410886 58.3915693
-31.9279373 1560.4474878
-28.7174282 1184.0156749
-18.8977273 583.1630507
-37.8334593 2154.3296447
14.3657362 296.1307676
3.6670815 6.8477158
34.8937487 1728.4148072
-12.2584615 181.2358176
36.9072536 1898.5854256
4.7290693 -60.4538628
37.7512514 1992.5676486
17.3426556 481.1664621
11.4467046 241.1824567
-25.7523555 1020.5593937
30.5008667 1221.2417125
-25.9274943 961.5132825
-1.1682872 -11.4315660
-5.4294019 -24.2408075
38.6033622 2057.1469403
35.8452575 1809.1503075
33.9992763 1636.4590502
36.7098017 2043.4504175
18.4444032 519.8582922
17.5033194 452.6593756
27.7464187 1046.8740972
-6.3340879 8.0014343
-11.3772518 211.6119531
17.6994673 454.9662891
-24.5367202 904.4202411
14.4961401 287.4553295
-37.3500263 2090.0905622
15.6789215 292.6158396
8.2036352 127.5199795
-35.1859515 1832.1119528
-0.7937330 37.2249914
3.6441199 39.1009237
39.1487770 2102.2603586
-38.5328830 2184.2076450
-35.3369889 1788.8069768
-39.5701400 2290.8890076
-19.6045623 671.6933894
-37.8618723 2169.7578004
-7.8222782 17.8295255
-36.4444386 1930.9900130
-19.7797178 532.2623069
21.0485457 642.9760796
39.0696174 2126.9991790
-16.6847516 431.3027694
36.5183188 1891.1342767
-31.5697429 1512.3916617
29.2664250 1115.0908425
5.3539477 75.4896615
-39.8147346 2436.2858710
-4.1643721 25.1757464
29.4833009 1159.1571380
38.2844524 2000.1854819
11.7859843 181.0215745
24.0987271 774.4228429
-38.0014771 2193.0678477
15.7433671 380.0852204
16.6490539 322.0440890
-6.5038048 -32.3145643
-31.1651356 1419.5561613
4.6680864 -33.8884275
3.0644969 38.9178312
6.3662486 47.0261497
7.6203324 -26.7129045
-24.0100857 847.6534313
26.9001862 1002.1193110
-28.7694914 1237.3497450
18.5533388 499.7291889
14.5152917 278.5744695
-11.7210257 157.8192548
0.9741226 -34.2245746
-14.5884045 274.0132416
-19.0066339 464.7760816
-1.4266473 -58.7393460
-29.2565772 1243.6749190
-9.0237129 200.6820071
9.5599933 63.1070576
7.8075326 101.7862931
-14.4835127 247.3784265
-18.4135558 568.7250536
-17.4126773 407.4093525
3.3008612 -8.2135653
-39.7962413 2361.6382893
-27.7199730 1144.7757867
-28.5206411 1305.3549733
28.4596916 1002.6524445
-23.4293200 840.9484478
8.2209430 117.9873622
-16.1611416 460.7086168
17.1281311 405.3037679
9.6195912 126.4344869
33.9537318 1596.3083716
34.9387866 1695.4603104
37.1096803 1998.8246947
12.6930428 193.3836168
-24.0476937 882.7563323
-3.4436971 -83.6851034
20.0547968 567.8418459
23.2360159 722.0635984
39.9373843 2247.0667602
-27.0297147 1132.5095101
-31.0889325 1468.3599439
36.6644921 1956.4705757
-11.6282847 236.4504978
4.4544066 -16.2960196
-10.1981431 207.1179531
16.4848336 291.1400438
16.9046771 366.2532352
-27.7115872 1156.6475406
-34.9338241 1737.0806073
39.9195027 2252.4366408
17.3521008 459.6068323
-8.6989452 101.2959719
-32.9877006 1579.9681059
29.0908035 1178.8004610
-25.5025900 965.1536227
26.8777493 1030.1741737
15.3519096 335.8651822
-17.6579580 463.4338657
29.3088928 1175.7476758
-5.9053044 91.4618921
9.3659452 79.6070363
14.4372692 284.9039172
-35.9573229 1970.1875157
-38.6860817 2376.0777763
21.0867141 650.8434834
3.2441502 18.4625832
-8.7486674 99.5724232
-23.4975137 754.4154272
39.6526216 2230.2603688
-32.1294929 1570.3601084
3.8558318 -75.2475820
22.5713926 608.6428318
-24.1057885 871.4393055
-26.1526638 1049.1487149
5.0955072 3.1876326
17.1849454 422.1975534
-23.4598864 810.7922996
-1.9967249 49.0548200
-9.8000599 219.2832336
-28.8748172 1278.7649953
-39.1806038 2376.2928307
-23.8947215 775.7646974
-19.5158646 499.9640855
-36.3438855 1944.8774227
21.3784536 700.5200359
32.7647843 1518.6071852
14.3213720 331.5073155
11.5421176 173.4955183
-18.6024550 589.9581492
19.1048734 393.5514129
27.2576631 1083.9663156
-37.2546555 2058.6992018
27.3689115 1113.1854000
20.1531079 574.2946160
27.8818233 1150.4636825
-14.1142998 366.0053359
0.8378527 19.3649818
-37.8908293 2200.4136638
33.8516412 1678.5143256
-26.5077409 1042.6727658
-19.2860868 572.8937064
-31.2643791 1475.7785644
11.9126064 184.0020070
23.9587462 795.6724616
-21.0918770 787.0372126
27.4391412 1047.4937322
-8.0022563 122.9537784
17.6563881 430.4642688
9.5420404 18.0026266
27.3375317 1025.4937334
-34.7128388 1730.8011622
22.0855903 672.9999053
-33.2640235 1644.7513183
-32.7693365 1716.3994833
-8.9328444 152.1002125
2.5432668 -13.3293418
-0.0951544 -43.5572743
27.2202018 1014.8522723
-5.1861397 29.9042325
3.9188481 18.7890549
0.0791985 -19.3172440
37.7155221 1997.6067774
0.5212908 -42.8424290
1.6201141 -90.9512394
-29.5104904 1319.7108394
-26.8775618 1128.8626906
-27.4202344 1020.9141204
36.8681827 1959.3837090
8.8579685 128.2012520
33.3034109 1610.0354136
-17.9042120 543.4114918
1.2707359 -59.2296174
36.5315626 1894.9681908
14.0977880 319.7448265
30.6509875 1233.2528172
33.6784861 1537.8775703
-31.5258719 1542.3539457
-38.3669596 2182.1917798
25.2144282 816.8310341
-29.8395986 1319.8704182
-36.1094178 1985.8567941
27.3973445 1090.9067098
8.5970821 73.8873157
16.4022708 404.0789163
17.3278632 437.6753196
13.3453621 272.1670151
16.7282840 357.4697372
3.5521722 22.0172531
4.7233961 -32.5011260
-14.3701972 531.7600451
-2.1427476 -31.1950862
-16.7680743 494.1161533
-6.3420509 -17.6932081
27.0535462 1088.7090525
-8.6389060 -11.4165272
15.6187856 348.5970837
1.4242151 -64.8075991
-13.7065401 334.3235346
-23.8191401 853.9451716
11.2900988 150.1035739
25.6894809 942.2387579
-16.6859233 476.8710038
-17.3512297 463.6004688
-9.1228388 196.0705507
36.4677541 1928.5796946
-32.3972386 1532.5197070
25.1478490 800.0652862
-4.5049041 -29.6175143
11.6234761 153.4289972
39.9896701 2271.5454668
31.3654075 1477.9544902
-6.9519022 105.8780177
-38.3837552 2173.7079571
32.2829641 1418.8814888
-1.2166040 4.8134147
15.3390375 306.0628472
-13.2696420 257.8835295
-0.5376204 -44.7410102
27.4898858 1036.4294820
-33.8393422 1695.4043677
-21.2503531 693.2073685
-12.9399196 251.0084966
-19.2798886 526.5606705
-15.5769869 502.7907357
-35.3071985 1869.7034267
-9.6072164 189.6805065
-4.3681530 90.8074197
25.3531336 863.8947667
39.5245041 2242.7454295
35.0704656 1767.1941571
11.1714376 177.3315249
-2.7332038 37.1170573
-37.1599759 2039.6585001
-39.1139657 2299.8418360
-32.2250559 1641.2794051
16.0351044 362.3725369
18.6649443 433.5585308
11.2322000 102.4679607
-31.1491802 1431.8294850
32.9012594 1589.4127902
-11.0568327 146.4699305
33.3953790 1620.6659647
-1.1001646 -55.9544986
-39.4636476 2284.6931764
-22.8813965 904.5520441
24.8692579 833.2181632
-27.1354759 1089.5260567
-1.4993794 -33.5970594
-32.3352610 1534.9547959
33.0530662 1524.1594709
34.9550323 1693.5500974
-22.1065593 743.8044114
17.6943409 428.6112736
-16.4438142 487.6719848
34.3769766 1570.7705228
-15.2728908 302.8498892
-15.6189093 546.1746885
-35.2216206 1916.1256028
-3.9160058 -37.5378159
32.0546776 1496.1265437
12.1366704 200.8653699
8.5031974 132.7669693
18.2006780 440.9848352
-38.6549531 2249.5564649
-20.7427677 681.3926898
21.5226232 630.9319491
17.1836059 416.5582222
-1.7826179 -20.3847453
24.2062188 749.9393183
-33.2068251 1643.2991779
32.2678823 1469.3152128
6.8347913 16.5674042
-10.7267530 162.8668799
1.9070230 10.1861340
-20.9575220 626.7887067
-19.1406053 595.1103855
-37.7990800 2243.1894802
-7.8968973 159.6599227
-24.6603955 869.7909540
-28.9691944 1324.1485254
-11.2561804 130.9509202
-1.2619251 -29.8417971
5.7115740 21.6996478
5.1996850 -2.2064734
-20.5812251 548.7115273
-3.6073401 103.4867263
-4.6514856 71.4153172
21.5029313 609.5986023
5.1482801 51.2144576
11.5757998 172.8284628
-25.8622592 1053.8573383
2.0397596 73.7411927
-36.1491253 2037.0442052
-1.0273908 -72.2163926
28.6561779 1181.7342723
-9.2317532 193.7670856
17.1570024 402.9562502
27.7369317 1199.9173565
-27.4231099 1148.4178867
-30.1048085 1343.4318196
38.8872044 2133.9344168
-29.4392829 1373.4283963
-12.2051747 208.5352530
39.7535453 2177.9339123
32.3912995 1586.6432381
-38.6888972 2217.7527631
-4.2488089 67.4655557
-5.6204258 17.0144054
9.3623254 188.1995778
-22.5055577 794.0354360
20.2477710 547.2518403
33.8704700 1592.7211880
-32.3517122 1533.1591630
28.9719721 1215.5479905
23.1892773 731.5057647
-7.2297982 103.2629088
34.9049339 1718.9833119
20.1687377 529.7628422
-32.7683015 1628.6861725
39.9208743 2268.7693664
-38.2896702 2173.7515585
-12.8041488 291.2459709
-10.4063309 155.6901252
-24.3995662 844.0361384
-39.9189363 2373.8095770
38.5185287 2147.9060227
1.2818799 -28.2821120
-28.6462427 1254.3739181
-18.9493789 536.3148487
20.1313708 530.5466927
25.6112582 955.8153083
-37.5317703 2181.0347694
6.5386792 47.1135093
9.6548197 94.1385830
-8.3764728 116.5895120
-30.1898442 1396.4231386
-17.1920987 479.8593297
4.6218072 -20.9849268
34.0174538 1685.5810159
28.7513954 1155.0038660
9.7754238 207.5339395
-11.6903462 211.2196261
37.1083147 2006.4446628
25.3377078 933.7211235
-29.6156580 1393.1136908
28.0098650 1120.9929849
-3.4611951 56.5174274
-28.5677379 1221.8733826
33.4752376 1561.2840620
-9.9081809 112.2458814
10.8099436 183.8121326
-11.8485808 238.8705461
-30.3013592 1455.1723971
27.0040382 1063.2972723
3.0387387 -72.6592327
8.5155686 99.5460104
8.9742144 123.0344952
24.7662640 846.6983873
-8.6470550 77.9861728
18.4623577 437.6376296
-36.4571362 1954.9986579
-29.9815653 1358.6628100
-31.1468923 1492.3913485
17.3369685 331.2859659
-23.4217489 902.4519110
3.2117189 -17.9833723
-28.5230684 1223.7212278
29.7703562 1216.9159408
-21.5790516 702.7446485
-36.0300795 1909.3207507
-32.9393489 1642.8718410
36.1648570 1822.5877680
-7.5463026 123.8896795
30.0904541 1355.3397534
-29.5895895 1335.1027039
-25.8163050 922.7941237
11.5522241 147.1658655
22.4027187 727.1775741
10.7166190 131.2619418
-38.7387657 2266.7110647
19.2781910 597.0829929
-6.2986045 68.5658091
-0.7576656 4.1665559
29.9937554 1189.8821007
-27.5154670 1165.3314610
-20.3131746 612.3063258
1.9257220 19.1242347
38.0760358 2059.8232492
-37.7438916 2150.6297459
-1.9472323 135.0167399
3.6704313 119.3217093
-27.6434627 1158.8611803
-10.0759168 202.9897928
-28.1907895 1245.0670863
17.4296324 376.8408232
36.4758898 1919.1785004
3.4454088 -32.4535173
16.8689083 365.5375461
-38.4648649 2153.5701825
1.8669360 13.0027774
18.8283293 520.6276852
15.0498742 276.1658885
-30.7018372 1413.0220741
-2.0043706 64.1440454
35.2850141 1775.7580680
-30.2652593 1383.1221120
-16.0072887 369.3167378
-12.0522067 253.2097222
2.6425517 -50.3034095
14.6622411 320.4203346
-0.6532012 -74.1250136
8.3630145 16.6524731
-32.1715143 1553.8480971
19.6110293 526.7039101
-10.3812043 116.1558950
-6.5715526 149.3884034
38.0861019 2100.7819406
39.1791918 2195.3062449
1.3435334 -68.4197440
-35.5435571 1844.9292581
-18.4199526 524.4248074
23.1387576 827.1606433
-2.0194583 108.6719835
-29.4376192 1320.6298445
-7.2984744 90.7409797
-7.0054958 98.1766146
4.0095146 68.3770580
-39.0117771 2262.5147918
1.0499108 -13.3462429
-5.6322867 104.5546910
-28.4808224 1195.2019287
8.7608908 96.7206676
26.0661141 1004.4960321
12.1461679 48.1670504
-27.9136941 1246.1696633
38.5825533 2138.2625652
32.4481640 1425.1830756
-1.0186295 63.0506975
38.8263842 2129.4228531
36.2449361 1815.2046271
-0.9724057 -123.7316272
-3.7045249 31.7470258
38.6051150 2168.7831456
23.9788348 770.4131509
33.5442287 1545.9048399
4.0260237 -83.2393698
-34.9800321 1840.7466169
-29.2838796 1236.7697126
17.7140304 470.8685148
12.9601681 393.3170909
-8.7159242 170.2731890
-36.4219968 1987.7776551
27.2210618 975.0698329
37.3868795 1916.9977978
23.2229388 857.8883166
-7.1571567 -45.4599278
9.7900039 111.6032572
-5.6195242 46.5501791
2.4155582 45.4168256
-18.0291460 418.0267174
-1.7125219 -27.0193684
23.3587884 747.8225985
2.3965600 24.6337198
36.1330256 1803.3187844
31.3042215 1487.8146163
23.4713683 668.7874391
-23.6484768 845.0322667
20.5519223 463.0997359
-8.4276105 104.3349332
25.3071844 817.8508946
34.5319376 1652.3106582
23.6099647 788.3643995
30.9386820 1281.2496841
31.9145232 1408.0284576
11.5004714 243.7585020
7.4652490 77.6986299
-26.7856703 1036.2274169
30.4865874 1342.5993864
-11.2473136 142.5391304
28.5254829 1172.0637595
37.7631699 2007.5788206
-26.9313905 1118.2508975
29.8543983 1244.5970038
-10.7817686 196.4791438
32.4641988 1440.3990442
0.1922738 -2.3049698
20.4267196 510.7656874
15.2710296 235.4271312
-16.5369198 466.1092281
-21.8176069 742.9975227
12.8609269 257.3456510
-16.6435451 467.9340303
2.9030530 -6.0472074
16.6146923 333.4219343
-4.8062681 72.8431601
-4.6429149 73.2315778
2.4615403 35.5486321
5.1662178 4.1488205
22.0476115 614.0083680
10.9008781 94.7870759
4.2862241 45.0553829
-26.2328519 1088.3756052
19.1957804 505.4777831
-29.0308039 1233.3772654
20.0205772 638.6091025
21.1900019 701.7890970
0.2711814 -72.1977150
-32.0520871 1527.6691900
-23.8675454 837.3496523
-33.8882652 1804.5744950
-2.0143631 -65.0855672
3.5606168 -26.0429512
-12.6244994 228.7234776
32.2765298 1540.3209169
39.7957416 2345.9055978
27.3138327 1038.2521985
-15.5255741 407.4466064
-37.7210555 2045.4391349
23.8408659 866.0791403
31.8320553 1443.6067798
-7.9231243 89.4367301
-30.1999734 1366.4645283
35.5019739 1763.0647555
-9.5113848 200.0779346
34.6098923 1662.4110376
-0.1840962 69.9709234
-16.6068178 479.0525745
12.9601974 223.3364442
0.5395282 47.1646679
-20.4203796 595.2128399
25.7607858 969.2557260
31.7865240 1389.4681797
26.0068267 1002.7980352
-7.7639575 13.7848906
-24.9844711 991.8766749
3.3688245 72.0164017
-29.7943965 1333.5288682
-31.7280626 1543.0906808
25.4136936 730.3952104
-24.3940906 863.2054648
7.3111664 42.8403333
-39.3856652 2391.3058666
15.6868820 416.6503463
-2.5237812 -31.3336854
31.0041163 1410.0449963
18.3529624 527.1276850
-21.4870821 687.6841960
18.1320498 411.6140786
12.5343223 129.5026628
37.2882511 2015.1675199
25.6188600 945.7222083
8.4273110 72.6676970
-23.6684424 830.9685420
10.9449514 184.0010478
-28.5469951 1257.8437010
-34.3341100 1811.0662088
7.7682037 116.2049428
21.1156195 527.8339970
-18.5024931 562.5827488
20.9508902 599.4728997
-22.6442319 649.0212227
-37.1469929 2118.1488674
9.9137126 33.0841350
29.9507070 1225.1347675
-3.3292966 30.3229918
6.7020552 70.8124434
32.5729636 1472.5495483
-37.3678175 2130.1272902
34.3308185 1680.7838741
26.8002002 989.8553455
-11.7370578 126.4770327
21.8227945 704.7405823
13.2887139 234.2329481
-25.4606576 989.0855410
-12.0145837 256.4173587
-20.8120918 675.6670179
-16.4824980 436.0289495
-23.6057564 909.9254670
29.5642604 1204.5115162
-18.8630719 551.7878373
-6.7074683 81.4869502
37.0108971 1925.4963958
-12.6337246 267.5807221
-17.6071744 484.4384802
-15.2298236 400.1078183
15.8153230 304.4255534
27.6783961 1059.2174220
35.1155654 1753.9004641
-38.8279375 2235.9216328
30.3804107 1214.8045210
-24.4233612 916.4126150
11.9815207 217.1290907
-10.0357479 104.5323687
-6.6836461 -12.1757049
4.8251885 -75.9954194
19.5229339 493.5713845
32.8748648 1564.3456514
-38.8945969 2126.2471643
-18.8371803 524.6364084
-26.8695777 1143.8555109
30.6526712 1289.6670524
-12.5044269 282.4223145
33.3721991 1568.2794253
-35.2461136 1884.6673794
-7.0606777 61.4210470
15.1783812 296.6269006
-21.8416673 651.4030473
-8.6836335 143.2987629
-32.7207369 1632.3258820
29.3827468 1162.1240505
-9.8471050 181.8687727
13.0449066 225.8782682
0.5354359 -38.4543119
18.1013302 449.3913232
-1.9451783 -87.4471855
-16.5236915 458.1259942
24.1656181 772.4625539
20.0332334 588.7449175
26.3199342 887.1875440
-31.0334952 1444.1550221
27.6355584 1078.6006476
-11.9460955 190.2514716
23.4722721 734.2725421
12.8211264 114.0165451
-11.8534182 272.8284013
32.6516820 1558.1048876
-5.0460234 -0.4778594
39.2560875 2234.9626036
-12.2159440 268.3474350
-20.6882784 746.6541278
-32.0286751 1448.9816916
-19.6703570 590.0185474
-17.1300203 434.6457132
0.7469139 25.6165445
-3.7571806 -21.3773769
38.0128996 2138.1793508
-13.4158023 361.3300290
25.3042552 869.7780238
6.0832730 4.9987749
0.5281014 56.1006906
-6.3249498 -1.8677615
29.7642684 1197.8395817
15.6254321 322.3501432
5.8802970 22.3998082
-39.3691400 2258.4396265
6.2392840 79.7016306
6.5178589 61.3797635
13.6026119 197.6423689
-35.0294000 1860.2365209
36.4667588 1957.2341707
-13.4691213 357.0419592
22.1393857 674.7846703
-8.3665169 139.0823441
32.3061622 1444.7939851
-37.4893326 2039.5650291
-23.8263134 782.2482709
-16.0618206 407.2466516
-19.1812131 599.6035099
33.5871494 1601.0116086
-15.2620898 407.7553651
32.3116566 1399.7710223
0.6660321 -156.3367033
-7.1570243 106.3971959
-30.3784826 1341.1515650
32.5198179 1534.7014530
-30.2074945 1338.1132950
11.8907715 185.4585586
-1.4769241 -31.8935411
14.5455473 315.0747116
13.9703331 257.4239549
26.7457253 1034.6091237
36.2261787 1814.8171230
31.0398411 1287.9751900
-2.5487557 -59.3511388
36.9250315 1908.3130767
-29.0075808 1224.2037756
-36.7817845 2122.3046552
19.0831246 488.4421621
16.5702228 334.7557037
-9.8050368 206.8724471
-8.7751209 104.8438721
-2.5726511 19.1767836
34.5146094 1694.3271174
36.5325579 1892.2998521
-21.4345925 632.1281354
-14.4417137 353.3744864
-11.0789440 225.7200803
-31.7431413 1651.3153173
35.9297528 1806.7159933
27.5233493 1089.2383165
31.8524393 1434.1547457
-30.8050133 1509.9279696
-14.2183551 345.3574462
-37.5243346 2107.1458294
-7.6340806 31.9136179
-9.2601669 185.3717565
-5.7164666 106.9370113
