2.6757204 -3.4762730
2.4356754 -7.2877994
2.4914517 -7.0572668
0.4404201 -4.5691006
0.5547375 -3.6066864
1.2568898 -4.5979983
-0.0433152 -2.4525647
2.4923090 -5.7781309
2.0986462 -5.8991362
0.3796276 1.5922448
-0.2658975 -4.9895628
1.2743268 -0.0743861
0.5277781 -5.5518664
2.3457327 -5.2930654
0.7390608 -2.1803186
-0.6922859 -5.7430895
1.9698430 -5.9025294
1.4937077 -6.5565701
2.5465580 -5.3444638
-0.8816836 -0.8996203
2.4861330 -7.8355580
1.2684287 -5.9378553
0.4558954 2.2450414
-0.1914763 -0.5982630
-0.9228114 1.3336315
1.4226545 -2.5848752
-0.9172350 -0.2236607
0.2056497 -5.7041145
2.8439334 -12.3937777
1.2805500 -0.9303500
1.9848523 -8.4056371
0.9021154 -4.4812011
1.3168644 -1.4445365
1.3187264 -6.2123621
2.2838806 -4.4061525
1.3196083 -4.5102995
1.1809232 1.1645614
1.5682914 -5.0342763
1.5521368 -4.2507679
-0.7621412 -1.8295599
0.0175918 -2.3873928
0.7777254 -0.7892101
0.1543702 0.0414831
2.4655564 -8.2568565
2.4398251 -4.3924750
2.1629061 -4.2980197
-0.6680596 -0.7696268
0.6367710 -2.5686462
0.9258717 3.4593836
1.1576373 -7.5357459
1.4378303 -3.8457892
1.3684701 -5.7565122
2.0138123 -1.7666853
0.1513831 1.4074452
0.3715670 0.6703910
-0.0845796 -1.2731599
2.2044648 -6.7151113
2.6454850 -8.8631943
2.7356229 -4.9211889
2.6414726 -7.9764241
2.8344123 -10.3435106
0.5096488 -0.3805618
0.2605132 1.1374990
0.1606609 -2.1861855
-0.2049835 -3.3618796
0.3112294 -5.3322038
-0.6969260 -2.7995311
-0.2670633 -1.7428806
1.5372039 -8.0689992
-0.0489973 -2.9050953
-0.5557800 -6.6170179
0.1321598 3.3807885
0.5447930 -3.7631262
0.0058352 -0.8677189
-0.6216132 2.0158761
0.9032228 -3.0529336
-0.3489902 -0.6940224
1.8242167 -8.4849162
-0.1381976 1.4635200
1.7570661 -2.3850874
1.8924241 -1.3789298
0.0723737 -3.2451159
-0.8845285 -1.3230590
1.4820022 -7.6530486
0.8824451 -6.5381672
2.1848800 -10.5679595
0.8997271 -6.4260208
-0.9603007 -1.7196753
0.7352004 -2.0982026
2.3335218 -9.5133557
0.6562362 -0.1800974
2.2946063 -4.8335377
1.7909734 -3.3569189
2.0988134 -9.8663885
2.2550195 -8.1101406
1.2044386 1.7464867
-0.4541758 -2.4004854
-0.7714174 1.6201372
1.2765530 -0.9246212
-0.2117519 -4.0421948
2.3302679 -6.3457262
0.4355339 -2.1793341
1.7599330 -4.7460943
2.5172901 -6.0606752
1.8042263 -8.7513401
1.7122851 -6.9862387
-0.5978154 -5.6071796
-0.4313966 -2.4585628
-0.5243409 3.5058640
0.6371616 -9.5905825
0.2024796 2.1412895
0.2361927 -4.3115226
1.3915012 -3.4771963
2.0689247 -4.9639326
-0.8193414 -3.4499454
-0.7468488 -3.5027002
1.3858179 -5.3015252
1.6401344 -4.4788573
2.2781371 -4.4352206
-0.9176284 -2.0537637
-0.4398693 -2.2453701
1.2551876 -2.0681408
2.4723641 -7.5640059
2.9509695 -13.4989142
1.6528869 -8.5933427
2.6014217 -6.5356288
0.6414418 -4.4508477
2.5868459 -11.7546559
-0.7314740 3.2018255
0.3021945 -3.4026056
1.9226381 -2.8709354
2.2558859 -4.7676915
0.6750990 -5.2655733
2.1954694 -4.8851872
2.7349365 -7.6726644
2.6097534 -8.6728447
2.3465679 -6.8112881
2.1201922 -3.6336383
-0.0697382 -2.6191992
2.7763223 -6.5526113
2.0200104 -9.0397820
-0.1151501 1.8869870
-0.9182862 -4.4748225
1.1397818 -0.3236802
0.8577578 -5.3828749
2.7792109 -6.1254292
1.4367531 -7.3237441
1.3540465 0.5894831
1.2302303 -3.5894252
2.5958046 -5.6949781
0.8300172 -4.4129479
-0.1244298 -2.1638789
1.0371732 -4.5216195
0.6304284 -2.7706295
1.4685445 -6.4377364
0.6125750 -1.7938747
2.2289124 -3.3940586
-0.7029265 -2.9442758
0.2294547 -0.8829264
-0.7839938 -2.2847201
0.0796043 -1.2615569
-0.8119098 0.9170672
1.2687479 -3.5062419
1.0623306 -2.6662068
0.8158256 -5.4648611
1.4315015 0.6604035
2.2473804 -6.8726842
2.9004666 -6.7191694
-0.5426251 -3.1221765
-0.5230503 0.1937706
-0.5407363 -2.7001179
0.6670268 0.0620534
0.0597815 -5.5830462
0.1205222 0.1381921
0.3341592 0.0480819
-0.3150726 -7.8319404
-0.1976548 -5.2802093
0.9286181 -5.3745319
1.2554817 -4.9529934
0.4206235 -1.7080550
2.2586312 -4.2943733
1.4552843 -5.7489627
2.0527847 -2.9970585
-0.4191067 -1.1946938
2.8223513 -9.0818491
-0.1962417 -0.0458408
0.7404459 -2.8648265
0.9767765 -2.7251448
1.0235299 -3.6758379
-0.3719398 -11.1792017
0.5900865 -0.5420304
1.8906228 -3.3319517
1.3404577 -5.8338239
2.2236879 -5.9762402
-0.8249160 1.0647535
-0.3877797 -5.5424978
0.3338116 -3.6470076
0.3028822 -2.1762067
1.0536211 -6.9793860
-0.4849067 -2.9632364
1.2818743 -3.3478049
2.4378563 -5.1993848
1.3984949 -8.4705692
1.5271773 -5.4593147
0.5683496 -6.0057410
1.6307469 3.5232121
2.2469682 -10.6189373
1.2581060 -8.0056384
2.9299871 -6.3291951
-0.2805120 -2.5787530
-0.6114971 -1.5467413
-0.3285783 -0.7258329
2.9160991 -7.9749497
-0.2028491 -3.3525741
2.6529183 -5.2854116
-0.8064468 -0.9860803
0.5320402 -9.0668006
2.0013092 -8.1603521
0.0798269 -8.3039954
0.1220910 -4.0660443
-0.8309651 -1.8995351
-0.9375119 -5.4538863
-0.9873941 -2.9576034
1.7281167 -6.8007849
0.2526882 3.0759514
2.0094712 -5.5075317
2.4628446 -8.4880574
1.5768580 -5.8611629
-0.8927270 3.8092129
-0.5263885 2.8291845
1.1604825 -6.1104622
1.3840309 -2.8493114
2.8488906 -6.9035874
2.4022345 -2.9545441
2.5165208 -6.1095696
2.8766002 -9.7754094
-0.9015845 -8.6033798
2.1703090 -9.3377573
1.3418314 -2.8493897
-0.7404404 2.4115470
2.5004082 -6.2237678
0.8403512 -5.1404743
2.3084854 -6.0221818
0.1332681 -4.9707465
1.6715281 -9.0703051
-0.8456558 -3.3301018
2.6739404 -4.6060301
2.9577349 -7.4943934
0.5509965 -3.0218155
2.4837316 -9.3634792
2.4137224 -7.8703356
-0.9630425 -3.4074023
1.1189218 -5.4982632
-0.2243200 -1.0417329
0.4986774 -3.8387050
2.4869049 -2.8311847
2.8768917 -8.8354555
-0.8422861 -1.9925325
0.0147660 0.6837476
-0.1460367 -2.9613201
1.9848367 -5.1008116
-0.2001196 1.5198335
0.2511635 -0.5489359
-0.8971099 -10.5850721
1.7907271 -4.5939527
0.0695460 -1.9491356
1.4895556 -7.6534495
2.1911491 -5.0509855
0.5887211 -6.9662242
0.8954589 -0.3513773
1.1425653 -2.0708875
2.5386245 -5.5601092
-0.3988986 -3.5232548
2.3181568 -2.2066002
1.0843264 -2.5393667
1.5312413 -2.5892372
-0.6177585 -5.8647057
-0.6629498 -0.1299469
0.6773793 -5.3917460
0.0300125 0.4800290
2.9980777 -10.3113867
0.9446789 -6.9435181
0.1252917 -0.6680745
1.7788547 -4.6910146
-0.2063670 -5.4155687
0.9732183 -2.8292543
-0.1049687 -1.5268184
-0.7425382 1.1172623
1.2165849 -2.6789915
1.0533308 -2.7991838
1.9653997 -12.6931498
2.4556906 -8.7194972
1.2854564 -7.7015413
0.4795915 0.6981712
1.4712935 -7.3248316
-0.3542323 -7.1168428
-0.9964336 -3.7192310
-0.4990684 -0.5049288
0.9022445 -3.8879374
1.7326206 -7.6896497
0.5387981 -3.4531212
-0.3197920 3.7107278
1.7825776 -8.8542118
2.7694758 -9.2489285
-0.3188850 -1.6418514
2.8745652 -6.4152309
-0.5102048 -0.6592322
0.6704713 -9.5630226
-0.6800290 1.0667794
2.0740546 -5.8165276
2.1466881 -3.8281292
-0.0269696 -6.8249262
-0.4482494 -4.3138990
0.0876354 -3.9838387
2.2265115 -2.5754141
-0.3707392 -1.7982530
-0.4276011 -5.0773673
1.2392031 -4.6965827
-0.0185606 -4.9329719
0.1345098 -3.8504428
2.5533236 -4.6412015
-0.8542406 3.9269949
1.6874421 -0.4966526
2.9226429 -7.5074397
1.6772752 -5.2396983
0.4797781 -3.1755296
0.9789468 -2.1746405
2.4547349 -9.3054417
0.2753181 3.2413234
-0.5905494 -2.1766876
-0.7194842 -1.2940567
1.9676813 -3.8479461
0.4068823 -7.0846422
1.7192782 -5.5535341
2.6582701 -7.9944958
1.1899518 -1.4311289
-0.2794623 -1.8327714
1.4565282 -6.3375924
1.2937208 -9.1895545
1.2288885 -5.1636223
-0.9759354 0.1109260
-0.4530564 -2.8025150
0.2393350 -2.6066891
0.8924001 -3.6946333
2.3833359 -11.4157227
-0.5624964 2.3616981
0.1411237 -4.9010643
2.2670959 -9.3608564
-0.3079087 -3.0775295
2.0130630 -2.3757601
1.4770421 2.8436463
-0.0189401 2.5002761
1.2314910 -4.2292515
0.6344027 -1.2852942
2.5345910 -3.3232380
1.8284810 -7.2486345
0.7590039 -8.1353229
2.1694122 -8.7482814
0.0335023 -5.1823155
0.8347649 -5.1641056
2.1120156 -4.3211666
0.7813127 -0.6899260
0.9241816 -4.9408144
2.3351865 -7.7306393
2.1865931 -6.1802559
-0.3168227 -3.3099854
0.8576533 -1.6234386
-0.0340645 2.7104263
-0.0566983 2.7163808
-0.5179006 -2.1959638
2.1682461 -6.6469731
1.2420531 -0.6689523
2.3119534 -10.2091684
0.3074558 0.7312786
1.2503503 -4.5166289
1.0039175 -6.5125985
0.6682042 -2.1900170
2.3613875 -11.2739058
1.6622422 -5.5735232
2.5156445 -9.9116525
2.2060370 -7.7153503
0.3322957 -5.5949348
1.0597654 -0.0510013
-0.6788639 -0.6075774
2.3973441 -6.3201710
1.2026283 -4.1869304
0.2952102 -2.1220750
1.4844011 -9.5423525
1.8363573 -8.5974755
2.6006224 -4.1502837
2.7280429 -7.0810721
0.1885266 0.1144568
0.6611990 0.5087266
-0.7743968 -2.3547025
-0.4240666 -4.3961718
0.8663396 -1.5489842
0.3136903 -1.1755916
2.0067986 -3.6470431
-0.7353447 0.7335280
0.5440336 -3.6363837
0.3330521 -3.3291142
0.3940006 -0.6074397
2.2835861 -8.4788945
0.5312763 -3.0524480
1.9232103 0.7497650
1.9917131 -3.5418880
0.8498490 -5.3333951
1.5404867 -3.6551532
1.9204099 -4.5361013
-0.6722731 -2.9843643
1.0624023 -5.1529338
1.1068475 0.6210818
1.6742561 -3.8085340
0.1183443 -6.0821169
-0.7552978 -5.5461450
-0.6114857 -0.2127089
-0.3363764 -3.3668324
0.1823357 -4.8523054
-0.5450533 -0.5427497
1.2884143 -4.8792919
2.8381149 -7.1427294
2.7234731 -6.6535740
0.6812166 -5.3892985
2.8151016 -8.0157809
0.4283388 2.1250850
-0.1691684 -0.5749540
-0.1709914 0.0029436
-0.5175203 -3.8370124
2.4097810 -7.1534624
-0.2431341 -8.1784973
0.9888296 -8.5464443
0.7473796 -0.8275863
1.0821919 -2.9519438
1.3562741 1.1247427
1.1181569 -7.7907240
1.2609117 -6.0957370
1.6158647 -5.7144608
2.6696899 -6.1604791
2.2134379 -8.7603777
0.9291736 1.2581966
1.7858461 -7.5141733
1.8714882 -12.2800423
2.3999169 -11.5897138
2.2545404 -8.8782382
0.0930405 0.9183782
2.8781721 -8.9666801
0.9890886 -0.7800227
1.7895252 -2.9246205
1.6785980 -5.4684676
2.3808612 -11.3085481
-0.0381694 -2.7921707
-0.2514478 -5.7593383
-0.0168205 -5.8733724
-0.4878707 -3.6148252
0.7546917 -6.3217915
-0.4706645 -1.2876777
2.4793740 1.2973582
-0.5811114 -3.9812546
0.7425953 -1.0436861
2.4466053 -2.8365852
0.9214226 -6.7309203
1.2359042 -4.9687144
-0.2904947 -6.0076035
2.3927578 -7.2474572
0.9041412 -5.0167775
1.3565450 -6.4429959
1.6770815 -3.9631850
1.3829037 -2.9282544
1.7854370 -0.2827801
2.4224763 -10.6384989
2.2157652 -8.7803783
0.8624809 -7.1276838
1.4575994 -0.0080861
-0.9592568 -2.3088302
1.0225991 -2.1533155
2.3686388 -8.0438842
1.4275427 -4.1354945
2.5365656 -6.0141582
0.9146501 -7.1853107
-0.4572975 -2.8819067
1.1444814 0.1179201
0.2397277 -4.5726503
-0.9435442 -1.3478634
0.2445100 -6.0485907
2.9569073 -5.1183934
1.3917387 -5.5463055
-0.8853957 -0.1796691
-0.0272911 -3.6921053
0.0918906 -6.3476304
0.8892952 -9.3177662
0.8748251 -4.6664234
2.1425441 -5.9401458
1.5743201 -0.0779648
-0.6821901 -1.1175940
-0.4286057 -3.0934634
1.2893952 -2.7090605
2.9324763 -7.6222626
0.4460407 -6.8043574
1.2539980 -6.8330761
1.7908580 -6.9456025
1.6900300 -5.4281672
1.8739453 -7.5273648
-0.6499861 -4.8427219
0.7714581 -6.4006663
0.3813417 -2.0517385
-0.6993631 -2.9252999
-0.3447479 -4.8020355
1.5956800 -5.6779922
1.1698203 -2.8744231
2.9892717 -7.1622070
1.0728312 -5.3685055
-0.0768075 -3.2300634
1.3188475 -4.4209401
-0.1792307 -3.9834842
-0.5240671 1.0912323
1.4103285 -7.6251631
2.5631624 -4.3436033
1.6070558 -6.1137168
-0.0031552 0.0794243
-0.1979801 -1.1985064
1.1607374 -2.9329006
0.9772183 -6.7763572
0.6964004 -3.3142342
0.5711942 -6.3959050
-0.9217678 -6.1969941
-0.6256150 -1.1251829
2.7623794 -6.0063670
0.1105717 -4.4549796
-0.8264094 -0.1526018
1.3488590 -4.2360115
1.5122973 -3.2200884
-0.2917735 -2.5062634
0.4292519 -0.9263491
0.8571557 -9.1035142
0.2964937 -2.8568337
1.7196969 -7.5423070
1.1225855 -9.2383896
1.0552580 -4.0671189
1.4616858 -6.4905177
1.7844428 -3.9624461
0.1852317 -4.8751721
0.8768644 -1.3585244
1.3840552 -1.6798418
-0.0127425 -5.3274397
1.4900732 -7.5380290
1.9070189 -6.8408139
-0.9751575 -4.8084073
2.8693826 -4.1568351
-0.1700511 -2.2958168
1.6889880 -5.4345975
1.1569644 -11.2532141
1.6238619 -3.8580065
2.2123914 -5.6362312
-0.9041476 0.9524034
2.9779306 -13.0491683
0.7728482 -2.6299970
-0.0347686 1.2491002
0.4804480 -7.7834820
0.0089156 3.0926197
0.6559697 -1.5369289
-0.9191598 -4.6714560
1.3279248 -0.3174733
2.7119703 -12.4899957
0.3484799 -2.6833364
-0.0002086 -2.9249528
2.7784734 -3.3679356
0.6345319 -4.4982565
0.7784320 -3.8781579
-0.2961688 -3.8321981
0.3760700 -2.1794897
-0.6884875 3.9617227
-0.1751101 1.3885608
0.7004989 -9.5520808
0.8130053 -7.6526857
2.4425157 -6.9119977
2.8971733 -12.6805307
-0.3049594 2.9103310
2.1192458 -2.5231136
1.8303886 -6.2681782
0.7011204 -3.7320253
2.4066056 -4.4617639
-0.5447457 0.9653341
0.3142803 -1.8309695
1.8858477 -6.0468134
1.3862813 -5.8993401
-0.5662661 1.0793672
0.8129190 -3.4362920
-0.1531468 -6.6295394
1.2866838 2.8596307
2.2679509 -9.9778015
2.0455653 -4.9508967
0.9257880 -3.1944334
0.4241962 -0.8646310
2.4698839 -8.3070048
-0.0591952 -4.1381342
-0.3834619 -1.4359512
2.2787440 -6.9487312
2.3635874 -9.1534002
0.8530973 -1.5120728
2.7390036 -10.7775880
0.4083956 -4.1141401
-0.5372399 -0.6352132
1.5183923 0.3842327
2.8013643 -5.5148519
0.2063871 -2.1548045
0.1894131 -5.7866541
-0.0787467 -5.1134716
2.4244416 -10.4066536
2.4619761 -6.9927943
0.5788031 -5.2475903
1.7357939 -8.6967714
0.7642091 -2.3750763
1.3642525 -5.6564927
1.9710508 -4.8617068
1.8626786 -3.7262333
1.0314487 -2.0401160
-0.3192420 -1.1232740
2.7007693 -4.0850862
2.7904948 -4.7834430
2.2427712 -5.7949584
-0.5767294 -1.1801364
1.3069408 -7.8337558
2.1930070 -5.5548190
1.1284316 -3.9943508
-0.2640951 -1.9954654
0.4654387 -4.6870799
-0.3707862 -0.0850607
-0.3939511 -0.4579779
2.4133158 -7.1419452
1.9792961 -4.3078121
2.2397850 -6.3365694
1.5321906 -6.5007074
2.9761081 -3.4894760
0.4319627 -6.9739487
0.5912398 -0.4098416
2.5606961 -10.1153377
0.9245697 -4.3179264
2.9704903 -8.2066405
0.5310710 -2.3158392
-0.7205172 -5.0631792
-0.5857949 1.0991000
1.7756638 -2.5664611
1.9861062 -6.3460178
1.8996641 -9.6834880
1.5464729 -5.8330621
2.4567041 -8.4274877
0.1656930 3.1580968
2.3191900 -7.7455626
-0.4144337 -2.1631256
2.6636631 -6.4131466
-0.4541710 -10.5033847
2.8367209 -8.0651970
1.0474560 -9.0707750
1.7596687 -3.5425079
-0.3642337 3.2752105
0.7578771 -4.0776819
-0.2267179 -1.6509485
-0.7031441 -0.7382269
-0.7502108 -3.2227647
1.8379314 -7.5695311
2.5070964 -9.4470030
1.2229717 -2.3386947
2.7905019 -11.5909158
2.1196350 -9.3072053
1.0482875 -1.2454969
1.3514374 -4.6031208
1.0183598 -6.9023352
2.2501081 -1.8596038
0.3922431 -3.3193486
2.7186142 -10.6293852
2.6469007 -9.5758424
2.7794802 -7.5744293
-0.7853008 -3.4663084
-0.9673167 2.1589368
2.5904259 -13.0331806
1.1271610 -6.5224489
2.2749677 -7.9048431
0.1742933 -4.9992784
2.5353631 -6.7153452
1.3688478 -5.9350296
2.5384019 -6.8855412
0.8001100 -5.8942532
2.5975182 -12.9449760
1.1302349 -3.7343552
-0.8614907 0.4160572
-0.3081123 -2.9913393
0.5434926 -5.1915406
-0.5290414 -0.2892069
-0.5316824 -4.0249311
1.6823273 -8.4547790
2.7362000 -6.4287888
2.4067070 -7.5948547
-0.0165540 -6.1088872
0.3615252 -3.7013650
1.5174859 -5.1661308
-0.0583582 -3.8573521
1.4476724 0.0308438
-0.4538607 -7.3066335
0.3942982 -3.2343469
1.2813885 -4.2533511
0.6947323 -3.7800705
0.2413970 -3.2037203
-0.8325029 -2.4929231
2.2485513 -8.9897534
1.2020853 -4.6038060
2.9982074 -9.4343384
1.5033026 -9.3717743
0.4848457 -2.4894631
1.0044879 -2.9860214
2.8783891 -8.7510455
1.9182683 -6.7900189
-0.6861015 -1.1344030
2.2217953 -6.3308844
1.1540939 -8.0323691
0.2960462 -2.0010450
0.9321974 -4.2897090
-0.5194690 -1.1352671
0.6207374 2.2436291
1.7374475 -0.8600550
-0.1432225 -2.7536121
-0.3665941 -3.9572648
0.0597345 0.0939804
0.7132872 -6.5982547
0.5538043 -3.3447067
-0.1010680 -2.8771139
1.8986942 -7.3928717
0.8307873 -0.5278373
-0.6320475 -1.2136815
1.0088024 -4.4234312
0.8419628 -3.5861814
2.7100700 -9.6277891
-0.0858161 0.3546899
-0.0903660 -2.0197044
-0.1145542 -3.0195381
0.9554311 -4.1961385
2.4210404 -10.9263574
-0.9001406 -4.9912115
1.4933461 -2.2545618
1.0025377 0.2538589
2.1063977 -4.8284734
2.7747479 -9.9994728
2.7120628 -10.6479128
-0.1805546 -5.3605004
-0.9318087 -4.5829537
-0.6107177 -0.5647481
-0.6291584 -6.2074155
-0.1142290 -3.5449661
-0.2917469 -4.7611247
-0.8759862 -7.2478673
-0.3180370 0.2926548
-0.7132840 2.0304636
0.3051533 -4.5063091
1.4456693 -2.2754961
-0.7575976 -3.0031114
1.2424105 -1.5485050
2.2389587 -3.8193030
0.8179870 -2.8106229
0.2343757 -6.4200179
-0.4399714 -2.3493184
2.8764493 -7.2848232
0.9121523 -6.8764549
0.8562385 -1.4748893
1.9314127 -6.9668606
1.7153521 -3.9180233
0.3120354 -3.8393618
-0.2149135 -0.2124619
1.5248124 -7.2804083
0.6919204 -2.5027628
-0.0694917 -6.0148871
2.3502585 -10.2293587
-0.2383090 -4.4601510
0.7475703 -7.7848417
-0.8575827 -5.1609085
2.1196084 -3.4819694
1.4789077 -3.3908704
1.1426771 -1.1986972
-0.4168711 1.1032544
0.1765586 -4.5893964
2.9382344 -7.9654590
-0.8979613 -3.9365801
0.7681390 -5.3310769
-0.3519584 4.0334035
0.0187578 -0.5324655
1.1937505 -4.8228506
1.0301774 -3.0537184
-0.5466287 -7.3404940
0.9021393 -1.3953590
1.9617227 -8.1918558
0.9397368 -1.2375877
2.7455420 -6.2969986
2.6590338 -6.6272400
-0.4213426 -1.3932789
0.0760150 0.5786008
2.5160050 -2.4488204
2.6632154 0.5157598
2.2849398 -7.1310845
1.5300348 -3.7059979
0.5925702 -0.4618576
0.4962536 -5.8521222
1.7431598 -4.1276177
-0.9553826 0.0456063
1.0121359 -8.8467668
2.3476323 -8.7555918
-0.7275676 -2.4334037
1.5982962 -8.6115491
-0.0805905 -4.5875077
-0.5583563 -3.1964054
-0.7840640 -2.9789832
2.6579720 -5.9854120
0.2440603 -3.7825976
0.5585887 -3.2099054
-0.5824851 -4.6457874
2.4059994 -10.1949140
1.1745944 -2.2506434
1.0669253 -0.8466354
2.2866741 -5.2042491
2.8267153 -5.6713668
-0.7275491 -1.6680985
0.4757657 -1.6583691
-0.9220411 -3.5046337
1.6611839 -7.6463226
-0.9567967 -2.1530553
0.2955246 -4.2567372
2.3854026 -7.6559034
2.4308720 -6.6287527
0.1131771 -5.9775702
-0.1888016 -2.3896361
-0.6101764 -2.2657902
1.5602360 0.6057765
-0.2473512 0.7407835
0.0611886 2.2363658
1.6411847 -3.8392291
2.7654571 -6.0828763
1.3521396 -0.9481299
1.9367473 -6.4715282
0.9358476 -1.6193500
-0.4885299 -0.3031382
-0.3200516 -4.9335121
2.0081627 -1.4007676
0.7831061 -5.8303193
-0.1106410 1.4601962
2.4730710 -3.5758896
1.4409518 -1.6076923
2.9430955 -3.3675984
-0.7083486 -2.3922943
0.2770811 -4.2647352
2.8906173 -10.1868473
0.4762139 -2.4248420
0.8822073 -2.5094915
-0.8595237 -2.2303063
0.2345279 -6.5590944
2.9737592 -9.8025198
1.3120114 -6.4983773
0.6185066 -2.4560968
1.4488426 -7.3002749
0.9910415 -3.9285289
2.6228953 -9.3819381
1.3668865 -9.3604054
1.1210406 -6.2179488
1.3918832 -0.2659269
0.5741623 -2.0331394
2.8317597 -7.1455539
0.4583367 -2.3608380
0.3731418 -4.5035140
-0.3196782 -2.0731340
2.6526024 -6.6648675
1.4155683 -2.6090526
1.7782089 -5.1935540
0.8714888 -6.4782320
-0.3373518 0.7633647
2.9811704 -4.7172594
0.3821099 -2.0850915
-0.9623676 0.5309927
1.0977198 -4.7145555
-0.8130590 -5.8515166
1.6601570 -4.4714656
2.9813093 -13.5000875
0.0395114 -5.4502071
2.8285397 -8.0699978
1.2557922 -6.3421517
-0.3021734 -1.8581933
2.0470056 0.1777220
2.2136496 -6.3903039
0.3095457 3.6211691
0.7147752 0.4486904
-0.0058868 -1.8699416
1.2715826 -0.9442190
0.2205021 -5.9535401
0.7750598 -7.9943062
2.8851110 -8.1054756
2.6061820 -7.5599544
1.4701393 -3.4496305
0.7494396 -0.5797694
1.7414824 -7.1544789
1.8667747 -1.0525045
1.0330015 -4.0184720
1.2896422 -1.3233605
1.6254094 -6.1743896
1.3912169 -4.7606371
2.9093767 -7.4544283
1.3377557 -3.1720059
1.8373303 1.0930969
1.7849156 -7.6797947
1.7262198 -5.1125046
2.4704904 -5.2334682
1.1213231 -3.0836124
2.5654027 -5.4074794
2.6484079 -7.7472951
-0.1538334 -2.7894695
0.7338480 -1.6760606
1.7001991 -7.4272740
1.9467965 -10.9756043
-0.5914241 -1.9131575
-0.3948805 -2.2548690
1.2097788 -11.9169867
2.0103411 -1.6208191
-0.7403206 -4.0229204
2.9972436 -7.5139818
0.9486128 -6.7353434
0.4662857 -3.3158107
2.4460917 -8.7631490
0.1633053 -7.4083289
-0.2301444 -4.5732806
1.4817523 -8.8257557
1.2086317 -0.7929585
2.3276504 -6.2185480
1.2428661 -7.3023127
1.8547897 -6.7796441
0.0019150 -5.1150163
2.8464227 -12.0838211
0.7814421 -5.8582051
2.1629632 -8.2125860
0.4475304 -3.1275685
2.6316293 -10.1853194
-0.3171885 -0.3763980
2.5778345 -8.3927745
-0.7256618 0.4510020
1.9788487 -4.8137454
-0.8679308 -5.3397527
2.2745606 -5.3819226
2.1423581 -5.5595480
1.9665038 -9.9861949
0.4983350 -7.9358271
1.8803784 -6.2327426
0.5112534 -5.3938608
2.5779939 -7.4545221
0.5471098 1.4162413
0.0106315 -1.9311501
1.5857204 -6.1102487
0.7011208 -7.7132724
0.1028199 -2.1917527
0.1295108 -2.0844821
0.2353213 -1.7892250
2.8715728 -9.8380402
2.9825102 -7.8225373
0.8851661 -3.3173507
1.3219528 -4.0442702
-0.1801680 -3.2953058
0.3232878 1.6510678
1.1563318 -2.8508334
0.1147191 -6.2339652
2.1974417 -9.5176631
1.2047597 0.1000206
0.6283339 -1.4897284
-0.5401412 0.6396917
1.9643138 -3.9991067
1.6785114 -4.9413768
2.8076802 -10.7253404
1.3678686 -8.6187989
2.9357558 -5.5992616
1.1130427 -0.2764306
-0.9756854 -2.2087720
1.3912319 -4.0317994
2.4939668 -5.0716974
1.5329319 -5.4782554
2.6634870 -7.2702593
2.9705919 -8.5255002
-0.5204487 -2.9624836
1.8256483 -1.4613530
1.6423030 -7.1182868
1.4189012 -5.6753697
2.3374694 -6.6828949
1.3963736 -7.2217200
2.7078867 -12.0308693
1.6303985 -4.9306917
-0.7043504 -2.8254435
1.1197720 -5.1855849
-0.4280902 -2.1362561
2.8512243 -7.8034809
2.5167654 -1.5940733
2.6281983 -2.9559874
2.0492258 -8.5992163
-0.1493423 -3.7775166
2.4501726 -7.0361453
1.1466043 -3.7628570
2.7987831 -5.5814899
0.2421297 -4.4685372
1.1630149 -4.1232791
1.8465900 -7.8694695
1.2747666 -5.2064173
2.7878910 -10.3282268
-0.5044089 0.2319590
0.3618773 -0.7936908
1.2811051 -3.4134018
2.8629057 -6.1487735
-0.1863146 1.2983446
-0.7281028 1.6290477
0.3542279 -3.9355246
1.8766537 -7.3557608
-0.4708255 -6.4807784
2.3158559 -2.7669051
0.7588186 -1.5550986
0.8365911 -8.6829496
1.0405320 -0.0641303
-0.1855739 -1.9816711
1.8246493 -3.3840231
0.5044901 -6.4900677
1.7202827 -8.6752080
2.2900556 -9.5116097
-0.7091301 2.1013621
2.6421774 -11.6781975
1.3876964 -7.0663141
-0.1138104 -3.0085100
-0.9681215 -1.4273544
1.3229280 -3.7896952
-0.0523175 -0.3430981
2.0887541 -9.8661395
2.2177783 -3.6420745
-0.5600000 -2.4808039
-0.4073584 -1.4881390
-0.9225393 -2.0598641
1.9341796 -9.9400479
1.6693228 -2.4434985
2.8353194 -7.7439662
-0.3457587 -7.5130752
0.4892348 -0.8411799
0.1200874 0.8500926
1.4531867 -0.5963948
2.6969075 -4.5194014
-0.3412077 0.3882864
0.2193423 0.5484396
-0.6339802 0.8250864
2.9890335 -9.3460310
0.8432910 -3.3992875
-0.9261735 -4.1003218
-0.7750566 -1.2300032
-0.0588559 -2.8670078
-0.8994260 -1.4777312
1.9358016 -8.3092028
1.7726875 -4.1070537
2.2235596 -8.2549340
0.2976324 -3.2550993
0.9058686 -1.9504650
-0.2766801 0.1043559
0.6705227 -11.8509141
0.1903803 -4.6205147
0.8713682 -9.0774189
1.0359561 -5.9475715
2.4378362 -7.2147316
2.6692755 -6.8243808
0.6799494 -1.9367261
0.8027895 -4.3845427
-0.0827776 2.5788463
-0.1578247 -1.6427922
2.2619465 -6.9455864
2.1926054 -6.8621701
2.1452707 -4.4005094
0.9579477 -1.9622350
1.9333116 -5.4537644
-0.8509721 -2.1131687
1.1628461 -8.1079163
0.9676021 -2.6687907
-0.4129964 0.1159156
0.5777351 -6.0618587
-0.6488022 -0.5480855
-0.6818542 -5.1669946
1.6252035 -4.5601349
-0.7559280 -3.1847510
1.9617309 -2.9956450
0.3492611 -5.7877461
1.8043804 -6.9768726
1.9362612 -4.5934721
-0.8197858 -5.0472966
2.5124000 -7.9027641
2.3702588 -4.0159217
1.8264953 -9.7633291
2.4404707 -10.5021011
-0.6460417 3.0017635
2.5408728 -9.6249937
0.2830617 -0.6628610
0.2050339 0.2531876
2.3387842 -7.9536032
0.5578853 -4.9377029
1.8712406 -2.4307903
-0.8258515 -3.6951183
2.0204348 -1.7431675
1.7576008 -6.8568080
2.9965310 -10.2080447
0.5547692 -3.3336694
1.7677642 -4.1980905
-0.7961043 -1.7645217
-0.1030301 -2.1186362
-0.4021741 0.5207795
1.3082197 -1.7420581
2.4757114 -7.8127059
-0.6516363 -4.7412726
0.4202922 -5.2350452
2.7394861 -6.7733251
-0.8700045 -0.5052552
-0.5928379 1.2657929
0.8435609 -5.4888633
2.3167077 -7.8834117
1.1606229 -2.7800678
-0.0322286 0.8598553
0.8322289 -5.1388430
-0.8306277 -0.3710789
1.9395944 -6.7546812
-0.2094800 -1.8136104
-0.1338959 -2.2670329
2.3408977 -7.6194910
2.7872214 -8.6294752
1.4513440 -3.9849642
0.5475036 -4.6941832
-0.6229837 -1.6580154
-0.2242776 -1.3331285
2.7648930 -11.4020374
-0.5818677 0.8797635
1.2786181 -2.5295339
-0.1166635 -1.2331268
1.4522207 -6.0042235
2.0253633 -3.2943240
0.8073689 1.3460613
0.6603627 -0.7949665
0.5827159 0.1674869
2.3888822 -6.8220243
-0.6806854 -0.9578585
-0.9376212 2.0947089
-0.4523877 -2.4892707
2.7526064 -5.4794157
-0.5372335 -1.3785722
0.5144573 -4.0994485
0.3822757 -3.2709515
0.9986137 -8.5107350
-0.5286317 -1.3961048
2.3334174 -5.4680520
2.4278784 -5.3668165
-0.4301291 -4.8089931
-0.0716952 -0.4513108
-0.2618123 -7.1498722
1.8448499 -5.1821708
1.2438920 -4.9472096
2.8839398 -5.0899568
1.0857461 -5.6569919
1.1560837 -6.6981798
0.5937689 -4.6237244
-0.8374126 -2.6774977
0.4360720 -4.7066404
0.1892314 -0.0443870
-0.7780360 -0.7711959
-0.1876619 -2.8372380
2.0966868 -9.8334064
1.9373026 -5.2331478
-0.5783074 -0.4810498
2.4918421 -4.9754220
0.2724240 1.4663534
0.5555728 -3.1186766
2.0883926 -4.3539543
0.5125905 -8.5615964
0.9850440 -5.9784034
-0.5030584 -2.8113600
-0.7728391 -4.4157412
-0.1651851 -3.1932567
0.1361317 -3.2119744
2.5418270 -5.6383485
1.2130491 -1.3463070
0.9181165 -7.1256426
1.8270265 -9.2164451
2.8504316 -10.9210003
1.4896396 -0.0163534
1.1519468 -5.8410045
-0.1695686 -0.3231094
2.8272194 -7.7518718
2.9684410 -10.6004443
2.0264993 -8.5153421
1.6681811 -0.6428360
-0.9294211 -3.5144906
0.0620056 -1.5978314
0.2474026 -0.9977933
2.9584999 -15.8911576
0.4533655 -3.8956746
0.3084795 -3.8473767
-0.1715142 -4.8452145
1.1137345 -3.9701425
1.6842860 -2.6459322
-0.8367434 -0.8457184
1.9676696 -4.7040707
2.2395890 -5.2537055
2.9204596 0.9172451
0.9436996 -1.4152395
-0.5239324 -6.1804131
-0.3904589 2.6970642
0.4763118 -4.0787081
2.9727693 -10.0192274
2.0631321 -9.5343193
2.3114257 -1.7240463
0.9478302 -6.7701349
-0.7135543 1.4017117
-0.7568442 -4.4936187
2.4127241 -0.7222387
0.1630798 -1.2423715
-0.2087640 -6.7689445
2.0417864 -7.3268689
-0.8478129 -3.8435082
2.0067846 -2.4296733
1.9874778 -6.4589018
0.2744815 -2.9579471
-0.4535743 -0.3676141
2.6915872 -10.4159941
-0.5504304 0.9711134
0.5127891 -4.3453288
1.1242502 -1.4195238
2.0569096 -5.8884761
-0.3285610 -5.0407851
1.5860373 -6.8284439
1.6956325 -6.5572944
2.7092288 -10.8105281
1.8110464 -3.2244520
2.8094518 -7.7182951
0.9097007 -2.1369931
1.5230637 -6.1300756
-0.4729580 -1.6273552
0.3993474 1.3561643
1.8999349 -6.8028524
2.7727291 -5.3265204
-0.1881550 -2.7788841
1.0239097 -4.1671012
-0.8766607 -7.7307114
1.3918302 5.2960160
-0.7848054 1.1181339
-0.7808310 -3.2829111
2.6096413 -7.0976165
2.9488053 -7.0267408
1.9248750 -6.5404462
0.7877635 -2.4123374
-0.3516387 -3.2452161
1.4395053 -4.5409256
2.5872922 -5.6188968
-0.2306048 -2.1625220
0.0453958 -3.8589934
2.0213159 -7.8046577
1.8358343 -4.4933478
2.1807494 -6.5161470
-0.4697936 -7.1573907
-0.5528587 -2.4345794
2.5908239 -9.4568848
2.3765838 -4.7557540
0.4543498 -6.5055415
0.3575828 -3.4830730
-0.3579019 -2.6508780
2.0975780 -7.8876331
1.1713400 -2.4677359
2.5056249 -5.5059048
0.4966594 -2.8406188
1.4041825 -3.6326747
0.3943327 -6.4308728
0.3723462 -5.7849628
2.4736842 -9.1446934
0.2954081 1.0272838
0.4878338 -1.3473993
2.7365721 -3.0760583
-0.3141610 -1.0098706
1.6906010 0.1465792
2.9956543 -9.0753875
0.4494690 -2.5993190
-0.3703665 0.4745880
-0.8233238 -2.4992365
2.4936152 -16.3622951
-0.5574055 -2.5787443
-0.2173790 -2.1689307
1.5636287 -4.2802788
1.1917028 -1.8653195
0.8989345 1.5091723
2.0380642 -9.6172471
2.9694417 -8.1462734
2.9153465 -6.0605322
2.5040836 -9.8406212
2.4059741 -5.1385086
2.3447980 -7.9938165
-0.5302208 -1.2347630
2.4560891 -7.0692281
0.4958653 -1.8853692
1.0313797 -2.3597170
2.3648419 -4.9320983
0.7218069 -1.8807162
2.7951184 -6.8008266
-0.7991389 -6.3841062
-0.6904170 -3.7996645
-0.7857946 -0.5884383
0.4578029 -1.3566452
0.0620877 1.1495899
0.4128076 0.0096171
-0.5156663 0.3193895
-0.1229705 -1.3265192
0.0536921 -5.0960118
0.2406243 3.6573344
0.9589674 -2.2926135
2.5368057 -10.0806380
2.1726787 -8.6853945
2.3032296 -5.9617490
0.6114351 -0.3115125
2.7799481 -8.0425344
1.6837879 -11.8417451
1.3754007 -2.9325026
0.3725862 -2.3883842
0.5652674 -1.6352764
1.2581198 -1.8680856
-0.2925302 -2.7879252
2.2092837 -8.5296378
1.8528190 -6.2422859
-0.3412017 -1.7308860
2.1069837 -9.2739101
2.7925292 -7.1685343
-0.9758058 -0.5604108
1.6139529 -3.4577108
0.9715632 -6.6208818
-0.3885918 -2.1917829
-0.5924694 -1.8566484
0.0426501 3.3509876
1.1196689 -4.9726999
-0.6630637 -2.3100953
0.3510786 -2.6588859
-0.5258603 -3.7924552
0.8144355 -2.6942288
0.9601562 0.0303570
0.2319477 -5.2304997
0.1216532 -5.3888944
-0.0813134 -3.5212130
2.2229949 -4.1733155
2.1007972 -4.6987833
1.4221757 -6.0571312
0.0048638 -3.9519055
-0.7367719 -0.0423057
1.1785917 -3.3595198
2.9058312 -8.2086086
2.7942019 -8.5026621
2.4557513 -13.9679369
1.9424093 -4.0477028
2.1976634 -2.8149148
2.2206733 -4.9216445
1.5661812 -4.0481344
1.2070518 -6.4057493
-0.9838460 -5.3310978
-0.8032784 -7.4418775
0.0688213 -1.5139074
0.6216872 -3.5372254
-0.0241379 -3.0929900
-0.3436392 -3.4158279
2.9759482 -7.2453437
1.8984111 -4.4260957
-0.2091118 -3.7649746
1.6481745 -5.9311913
1.1685656 -0.5136294
0.4719830 -4.2879691
1.3036125 -4.5011070
1.0950284 -0.9425216
-0.0421969 0.1932802
1.3173103 -2.2964009
0.4155314 -2.7927604
2.6613572 -7.8057176
-0.6866394 0.2453745
-0.6134088 -4.6996632
0.5386131 -2.0864476
1.8283133 -1.5482194
0.2176182 -4.0580376
2.4188575 -10.9369808
0.8998639 -9.5616170
2.3369589 -8.6833568
1.5923224 -0.9651640
-0.5943069 -2.2159617
-0.3054738 -2.8813318
1.8072698 -2.8904441
-0.8624138 -2.1005491
1.1658373 -5.6015760
2.7699898 -8.6845368
1.1315207 -3.8875424
0.8887010 -2.6948274
2.6676572 -7.2793441
1.7266903 -5.3394843
1.0482129 -5.3522352
0.9499475 -4.0712304
0.7729784 -7.3083698
2.7230566 -14.3983494
2.0649627 -5.9559402
2.7071703 -4.8530608
2.2868275 -6.3416121
1.3313348 0.7184057
1.2550024 -4.0005623
-0.8511438 -4.4150696
1.7080458 -6.0172644
-0.3708757 -3.5726158
-0.0802855 2.2392237
2.8841010 -12.0258166
0.8040779 -2.8580165
-0.1309972 2.3032090
2.4767628 -8.4789112
0.1515743 -4.8605630
0.8602487 -8.2660250
2.1019842 -3.5587815
0.8254004 1.8228728
2.6974186 -10.9636916
0.3304589 -9.1785166
1.2953848 -2.2668012
1.3927331 -5.1466126
1.5274635 -4.1118900
0.8573961 -6.7137916
-0.0548734 -0.2099029
1.6043456 -3.9777287
-0.0745749 -1.6622585
1.3190688 1.1692128
0.8793362 -5.3199372
1.8617706 -0.9057724
1.8699538 -6.1243454
-0.8308980 0.6806323
0.3501503 2.2053601
-0.7363877 -1.6717067
-0.0207858 -4.0694856
2.5454332 -2.0623438
-0.4950178 -4.4823364
-0.5558250 -7.4589936
1.6974009 -4.7598436
-0.6439512 0.5078228
1.6724173 -10.7176909
-0.0031179 2.0522516
-0.6326571 -1.0428526
0.2274748 -4.9870408
1.3725411 -3.9548178
2.8157281 -10.3236007
-0.3697116 -1.6581029
2.0027988 -5.8149234
1.0615514 -0.0087773
0.5065281 -0.3036698
2.8736724 -13.3482471
-0.2369367 -4.7577905
0.5706027 -2.3797890
2.8428057 -3.8580287
1.6703771 -10.7769855
-0.5286044 -0.4618766
1.3252971 -4.1774295
0.3807377 0.7818339
-0.7513960 -1.8936537
-0.0159368 -2.4575906
0.5218928 -6.0905192
1.4195903 -5.1149966
1.7833272 -1.1832309
1.4929509 -7.5739248
0.5715674 -5.5506341
-0.6259102 -4.5122733
2.0883082 -6.5378242
1.1345652 -4.2398035
1.4027682 -5.2869864
-0.3803644 -4.8965165
2.3275013 -6.0690096
0.0952482 1.9195470
1.6858613 -3.5314237
-0.4175430 -5.5968109
2.6629257 -12.3577226
0.8282572 -4.2804938
2.8031319 -3.7431716
1.7697025 1.0094651
0.3468318 -3.1773481
1.2278454 -1.9267082
2.9696582 -14.3911637
2.2483515 -6.6914678
1.8812598 -0.2553859
0.1200018 0.3866174
1.4178672 -4.6595212
0.8249657 -6.1614172
0.0212431 -2.1654978
2.7711322 -9.0319985
-0.2783920 -0.3247878
2.6397748 -7.6159320
2.4455904 -7.1087827
-0.0338746 0.1708516
1.2920668 -9.6062496
-0.5017983 -2.8011071
2.8924447 -6.6720852
1.0402380 -3.3620231
2.5424630 -8.0304790
-0.3303977 -3.2200501
0.1610337 -3.0885518
-0.5656096 -0.7160863
0.8216051 -4.6926926
0.3575736 -6.8287964
0.8545522 1.4290504
-0.9076405 -0.2510891
1.3633719 -5.9158610
1.8018475 -6.5337914
0.9846156 -5.5920702
1.7692920 -8.8803722
-0.0678053 -4.7746933
