-0.4449505 -0.4277543
-3.0844519 -0.4899410
-13.6073474 -2.1626286
13.6840042 -2.0131317
-13.4143435 -1.9405881
23.0539644 -2.7008691
21.6126938 -3.0557249
1.0006076 -0.3928320
24.6161471 -2.6407125
1.5803102 -0.3263347
6.8447179 -1.1022335
17.6045430 -2.4171902
7.8292097 -0.8946157
-2.7181176 -0.4848450
12.2378443 -1.7788722
5.3134161 -0.4928900
6.3543723 -0.6916536
-0.2907377 -0.7233662
19.6591754 -2.6789875
-8.2125344 -1.8231040
6.6207533 -1.1572674
11.2510831 -1.6803945
18.0671747 -2.9847103
-3.0273150 -0.8187307
-3.1709331 -0.4115596
24.2307097 -2.6900021
9.6253014 -1.6186280
17.1021272 -2.6771330
12.2553323 -1.9497753
17.9203946 -3.0621356
-9.4686763 -1.5350814
-4.1992053 -1.0246440
-13.1407090 -2.1233860
2.1145295 -0.9692395
20.4855928 -2.3949539
4.3827901 -0.4959169
-13.2640083 -2.0728189
-7.8373308 -0.9128713
3.9933153 -0.6117052
14.4328443 -2.1750295
12.6467202 -1.9324395
2.0885016 -0.3949397
-5.2248355 -0.6248165
-11.3272188 -1.5964772
10.8856607 -1.2373579
-11.6258263 -1.6399908
1.4758398 -0.5422452
8.9041238 -1.7224173
21.7708351 -2.8846284
24.3633097 -2.6244805
-3.8108235 -0.9025229
3.7373092 -0.4077720
-4.9506369 -0.8224152
9.7513078 -1.9456422
22.9499032 -2.6563735
12.5458643 -1.9659961
10.3838523 -1.6620656
12.4081047 -2.2192533
8.9231677 -1.7479084
-14.1062956 -1.8545305
-4.0177713 -0.8555805
1.8042249 -0.5640589
7.1143011 -1.2186285
-7.0142141 -1.4607224
11.6770550 -1.6757333
14.3431982 -2.1031624
-9.4746288 -1.3211633
2.0807161 -0.6311458
20.9957036 -2.7455401
5.3057062 -0.7519053
20.5123825 -2.6679316
-7.9726413 -1.1001502
4.0178119 -0.3302360
24.2080928 -2.4437568
10.7722465 -1.3049306
-8.9061071 -1.5367986
-0.3675374 -0.5762249
0.8525877 -0.1707275
18.7665305 -3.0270582
15.2149673 -2.3636355
10.8993505 -1.9103331
-14.5680780 -2.5931181
19.5605001 -2.4192110
10.4315651 -1.7590309
-14.7332407 -2.0111419
24.1279243 -2.5715472
13.8130161 -1.8184461
-0.3669926 -0.8828586
-10.7648275 -1.7961012
-8.2124237 -1.3953754
19.2376494 -2.4104381
-6.7617402 -0.9618556
11.1489640 -1.4208294
4.9824503 -0.5013149
-1.5904177 -0.3847070
0.6007721 -0.2763033
17.6199459 -3.0043435
1.2289372 -0.3012881
1.4301545 -0.4993997
-3.3645706 -0.6028187
