-0.8137822 3.9469337
-0.8906715 5.3932804
-0.7493959 6.5771508
2.9835796 18.4489326
1.7907700 8.6938620
-0.2161777 8.1730081
1.9538927 9.0839459
2.8166782 13.5321342
0.6761921 4.5865111
-0.2934473 3.1002478
-0.3445068 3.0888837
1.0556171 5.4572589
1.3953125 7.9427584
0.7745642 5.0872090
-0.1405354 6.1283842
-0.6889589 3.8142114
1.6685179 7.9159957
2.9520177 15.4883949
0.6383897 5.3051903
1.7991761 8.7580558
0.7319309 6.1816946
0.0709326 5.3052201
1.7075500 7.1193713
-0.7869206 4.6522586
-0.9543542 3.7588864
2.5640053 9.8451474
1.1665267 7.1869078
0.2714784 7.3940193
2.1006583 9.5376179
0.9188713 4.3279141
2.4021238 10.2000988
2.1433846 10.4690511
1.1628555 7.3703714
2.3940305 10.1410284
1.1200360 6.3412986
0.6110374 5.7532626
2.2351761 11.8364532
-0.3649331 3.7303121
1.1659074 7.4157419
2.9097431 15.3082970
1.4132467 7.4603277
0.8135635 6.2041704
1.1856910 5.6635913
-0.8744118 4.2800042
0.0968057 5.1078389
1.0133961 5.3301762
2.1224923 10.3698365
1.9130447 8.2661780
-0.4005124 3.7458682
2.6611322 14.0690410
0.1578218 4.3597216
0.3866375 5.1388565
0.3691727 6.4295969
0.6141590 4.9408190
2.1831921 8.5949607
-0.5333482 4.7658954
1.8180961 8.9621947
-0.7512945 6.3319310
0.9858141 4.5879554
1.3016629 8.0377519
2.6512145 13.3069502
2.8287964 14.2108582
0.8453482 6.5305766
0.9196014 5.9774773
0.0285808 5.2553541
0.7656963 4.4072391
1.8196857 8.0053119
1.9002243 8.4608807
1.0161049 7.0904622
2.3393118 11.8062763
-0.8399230 4.7634206
0.7243832 5.7102739
2.5159623 8.3192206
0.0877396 5.7630568
0.4958384 4.5437388
0.1239474 4.6791952
2.7046137 14.9400875
-0.7771858 4.2327962
-0.7455797 4.9008543
0.3267295 5.8681889
2.8707840 17.3788291
-0.9024399 4.5399648
1.1271323 5.9935339
2.6564093 15.9813291
0.5995892 4.8208330
1.3552494 6.5548435
0.2218702 5.4563479
2.2112901 9.0633936
-0.5281947 5.1561949
2.6735796 13.7863511
0.5662269 2.4312103
-0.7126710 5.6292943
0.4184631 4.6767324
0.8398822 5.1801649
1.2735980 5.7772209
0.2713883 3.7929119
2.9580864 17.6117228
0.7747811 5.5685621
2.1902442 10.1184089
1.4954762 7.5226260
