15.8519764 -1.6713714
10.1463144 -1.9403538
5.7401070 -1.9732488
-11.1304786 -2.0859397
13.8811986 -1.4167861
-12.4153290 -0.8704011
-10.9373105 -2.3525308
10.7912310 -2.5035306
-14.6997249 -1.9722353
3.0299429 -1.2277963
-10.8403047 -2.6921860
14.1399889 -1.6337210
-12.9042811 -0.3106882
6.0697901 -2.1822450
0.4100389 -0.4510354
15.9325016 -1.4389979
2.6608719 -2.2798667
8.6324631 -0.2849124
8.3577635 -0.3599263
22.2023146 -0.8750321
-5.7683009 -1.6682659
20.5798505 -1.0566671
-9.0500996 -0.4836319
17.8141350 -0.8448937
0.3840278 -0.6366796
17.4582606 -0.3611042
6.9854083 -1.9177314
17.7181391 -0.5134509
-13.5929895 -1.1214967
19.2030730 -2.5014942
12.3753199 -0.3466473
-14.0079910 -1.4793302
14.1733112 -1.5757666
-13.2671190 -0.3028483
3.1973775 -1.4185008
20.9132055 -0.6076102
-6.0359282 -2.1931952
-4.8626050 -0.7284280
5.5106668 -1.9173077
0.3517295 -0.3798278
19.7342282 -2.4193875
10.7311426 -2.3556486
12.7036671 -0.2469371
13.5699200 -1.1836998
-15.8968948 -1.5860578
9.5362168 -0.8653984
12.5165886 -0.5916713
11.7343913 -1.6556938
-3.6781477 -0.7925735
-10.8711252 -2.2206844
21.7023191 -0.7193160
12.9532969 -0.3790227
-11.6397348 -1.1420372
7.9521657 -0.6324782
22.7041762 -1.4924756
19.3869879 -2.1820475
9.8676825 -1.7128241
-12.7722003 0.0635477
-6.5371404 -2.3069110
15.0477983 -2.1588752
-9.2958501 -0.8946102
8.9358239 -0.9409831
11.6808578 -1.6903755
17.0359329 -0.0258285
-12.0321774 -1.1085325
-12.0438434 -1.0504254
6.4194865 -2.4598435
12.6115489 -0.3264050
18.2997818 -1.4190566
6.1572587 -2.5339609
18.8716278 -1.8463868
-13.3782570 -0.2289064
2.2392119 -2.1452002
-9.6559516 -1.3512863
17.0190392 -0.1501463
19.6837004 -1.9904751
16.9755770 -0.3247505
-10.2632040 -2.1527427
12.8065084 -0.2082110
-12.6870882 -0.4610653
9.0167847 -0.5932600
-6.6686049 -2.2465050
-0.9452664 -1.1080799
-5.0303851 -0.9864288
5.9341505 -2.4089921
8.9111280 -0.4443992
13.4318076 -0.2913564
3.0890515 -1.4764398
11.0905378 -2.2877801
17.2684094 -0.3904399
22.3687506 -0.9732824
14.6133769 -2.0616278
8.0544746 -0.9658576
1.1097099 -1.0890859
-9.2453921 -0.6189051
-9.6525001 -1.5615465
18.9593070 -2.1108252
-13.5601036 -0.8053561
4.0753536 -0.2865135
15.1042101 -2.4167072
-9.5106868 -1.5030797
10.6849690 -2.1510207
-9.0866396 -0.8522185
1.4718988 -1.7357432
4.5466766 -0.7057911
-1.7994988 -1.8309595
-14.8218595 -2.3566640
-1.0038826 -1.1224255
11.1331019 -2.0240690
7.4239721 -1.5793782
7.9646834 -0.7901054
-8.9460560 -0.4554399
-15.4763542 -2.1051320
-11.9338363 -1.2424364
-2.1012273 -2.2367858
20.2335756 -1.5586953
17.3178787 -0.1810533
16.3208646 -0.7531998
-11.7846367 -1.2932207
-9.3243679 -1.0784498
3.6111329 -0.8022511
16.1009620 -1.4049730
6.8177767 -2.0744959
-11.2673738 -1.9104583
-12.9575606 -0.2683871
2.5275598 -2.2245040
4.4924989 -0.4135488
17.4687144 -0.7708071
-5.5835516 -1.3940702
16.4530286 -0.8569541
2.3030310 -1.9439517
18.1814075 -1.1471849
-15.1602786 -2.3106927
-3.9996200 -0.3961867
19.4432422 -2.1160071
-15.8399631 -1.4262761
21.2228775 -0.0741618
-8.5016453 -0.5247954
-0.6052711 -0.8451079
-14.5533492 -2.0660790
-11.1522983 -1.7329674
-10.9651194 -1.8574497
-8.7284900 -0.5060042
23.0610130 -1.9802192
5.6727184 -2.0716101
-8.5227624 0.0105626
1.3536133 -1.5512562
10.9097485 -2.2409749
13.4295661 -0.6355264
7.3973553 -1.2094466
-6.5594019 -2.2969447
-7.4167628 -1.9583265
13.8163486 -1.4909350
11.9193785 -0.9207411
-12.1152242 -0.6880287
11.2671889 -2.1192554
11.5290169 -1.7894065
-3.5542455 -0.7007589
22.8120141 -1.7702211
9.5350804 -1.1068007
-14.2668733 -1.7573014
-5.4678888 -1.0700807
3.7421271 -0.6613298
6.8223297 -2.3219152
12.6706482 -0.5105100
12.3925112 -0.9455645
22.1468763 -0.7981511
-12.0586121 -0.9012707
21.9211758 -0.3249009
-3.6665178 -0.6546669
12.3778015 -0.6632521
8.6946898 -0.1785336
19.1416775 -2.4137991
6.9965736 -1.9585592
20.6501412 -0.5301357
10.9204410 -2.0469025
-4.9409871 -1.0522718
14.2150511 -1.6521922
-2.6505694 -1.9749986
7.7766244 -1.1467519
-6.6661891 -1.9838593
-10.3656600 -2.2230930
14.4509034 -2.0079647
-14.9269073 -2.2151584
-11.1634323 -2.1670259
10.3257224 -2.1486673
-7.6080384 -1.0528566
21.3739757 -0.4419669
-8.6523915 -0.0818306
21.4417904 -0.3962780
15.7377309 -1.6403074
7.5376406 -0.8133763
-3.1222290 -1.2566319
23.0313262 -2.0613960
-4.7036947 -0.0756883
0.1444433 -0.4094069
5.8284926 -1.7733592
12.6111951 -0.5474561
0.0232687 -0.5104872
14.6904172 -2.0568857
22.9710584 -1.9312623
-10.1194230 -2.1158688
10.3282992 -2.1199031
-0.0452491 -0.4217902
-5.4980305 -1.4956773
6.8860879 -2.1259169
5.4008869 -1.2648203
-4.7163495 -0.8690116
0.1876306 -0.1797408
7.2793293 -1.5254890
-7.7815175 -1.0537952
-9.2434292 -0.9006589
11.1453517 -2.3694031
16.4529072 -0.6413883
11.4443346 -2.0461146
1.0871497 -1.1809767
-14.2821074 -1.7964544
12.8738147 -0.5690525
-3.2802673 -1.3824702
-7.2204095 -1.6899297
-7.5250846 -1.0998395
-1.3599388 -1.3852483
5.2737646 -0.9745402
-1.9377462 -1.7480936
12.8191990 -0.0984244
19.2168947 -2.3697404
6.8083441 -2.3260825
18.1570798 -1.4012165
-2.5609922 -2.1178491
14.4028801 -2.0235308
-12.3982139 -0.9176096
-5.6086324 -1.6171700
6.0259253 -2.1446655
13.9941521 -1.6748178
-1.1203286 -1.3065648
12.4300679 -0.4946448
-10.3163727 -2.0195005
-8.3417030 -0.3659014
0.6447695 -0.7708246
-12.1519202 -1.0379821
-15.6363094 -2.1390819
10.0267912 -1.8032239
-1.4881699 -1.8407072
23.1602217 -2.3297518
1.0873005 -1.3498094
-13.1260373 -0.1121080
0.8459661 -0.8787783
16.9871180 -0.0760106
6.9088546 -2.0178023
-3.4083123 -0.9997228
-11.4516266 -1.5409399
-5.7383992 -1.8637978
0.1434505 -0.5035982
11.9682653 -1.1754479
-14.6304304 -2.0979823
18.4972083 -1.6123942
-0.5924133 -0.5717696
1.0910391 -0.9891601
13.3326086 -0.5536059
6.1233751 -2.2574624
3.3017777 -1.3577981
-2.7154988 -2.3400989
20.3094653 -1.2750385
-6.1438638 -2.3040581
-8.9229245 -0.4691082
10.3294906 -2.6080007
21.4124656 -0.4994926
-13.3623675 -0.4827603
-12.3703140 -0.2750120
17.1410409 -0.6992348
-4.5676182 -0.7299134
-6.2353108 -2.1579926
12.0305931 -1.0129289
-9.9277840 -1.7522135
-6.0490981 -2.1620756
-0.1173658 -0.2027770
-0.3367655 -0.4307091
-8.3294957 -0.1890382
11.2687523 -2.3222203
16.8383579 -0.4267815
5.3590247 -1.8007433
-10.9145406 -1.9669813
13.3630597 -0.4048389
-15.7256556 -1.7391716
16.7634079 -0.4254280
19.7523879 -2.0821545
22.0211747 -0.9020477
-8.0035244 -0.8659424
1.5763097 -1.9800298
1.1097647 -1.2720099
-2.4900319 -1.9791063
17.3910356 -0.2988208
11.2205224 -2.1910981
16.1000778 -1.5389614
18.9729638 -2.4050347
13.7733348 -0.9644055
-7.9445723 -0.6431912
-15.3751570 -1.5152951
8.2271289 -0.1784238
1.3644238 -1.8236252
0.9182453 -1.0886084
3.2118343 -1.2052038
20.6226568 -0.9556214
-5.0552012 -0.7038709
19.7874983 -1.8109598
22.7153899 -1.8956432
10.5787641 -2.0193426
-14.3717423 -2.0226854
6.2082497 -2.1700251
-2.6418259 -1.8704951
-9.4390259 -1.0221450
-0.1611879 -0.1577303
18.4156648 -1.4021666
-2.0068727 -2.2006312
6.1295287 -2.2690168
-9.5267970 -0.9663183
18.5253118 -1.5579421
-4.1536684 -0.5987603
-0.7079120 -0.8697799
16.6146586 -0.5830243
18.3365172 -1.6094616
20.6854117 -0.9876774
-8.8156524 -0.6266572
-12.5834870 -0.5826476
-14.7866716 -2.6561522
-6.8362977 -1.9251067
20.9214478 -0.6597892
-5.8115829 -1.8506239
-3.5506404 -0.5113745
-10.5648747 -2.2713085
-7.3448049 -1.7805691
-10.9983592 -2.3481248
14.1611272 -1.8340771
11.9574036 -0.8046914
-13.1865979 -0.2166792
14.7949331 -2.2486362
-7.1741369 -1.6655972
-4.7920272 -0.5651904
16.4565855 -0.8505951
18.1606196 -1.3235020
-8.5180527 -0.1141958
-14.9372852 -2.2401086
-12.1225092 -0.5490122
-5.7638727 -1.7824995
3.4630648 -0.8596689
13.3167783 -0.6724078
-11.9376285 -1.0908715
-4.6583531 -0.6037213
-12.8882731 -0.6516305
-1.6991974 -2.2629666
7.6495405 -1.0761376
-11.6166897 -1.3895325
9.6661527 -1.3785399
13.1322394 -0.4045390
-7.4680738 -1.1705494
4.1234201 -0.5799404
8.0414550 -0.7872404
9.6778193 -1.3030640
16.0059603 -1.1973481
-5.3728707 -1.2115635
-12.8229568 -0.3811050
0.4894004 -0.6188649
11.8317120 -1.2122144
-15.0270939 -2.2739913
14.8869525 -2.4693293
22.2290452 -1.0698810
4.8830744 -0.7005566
-11.6499053 -1.5938425
4.0225815 -0.6519888
21.8939333 -0.4294657
3.8973752 -0.7054109
-7.1439020 -1.9240808
-8.2070740 -0.4634341
-3.0570494 -1.6843813
-9.5055501 -1.0323799
6.2893563 -2.4543327
-8.7898384 -0.1682647
22.0881879 -0.6489845
19.7051076 -1.9970009
10.0589885 -1.7072073
4.2584568 -0.3424118
-11.1957629 -2.0586758
-11.6548495 -1.5957329
16.0804426 -1.4452064
23.0682525 -2.4080780
-3.5123914 -0.9158563
3.0331291 -1.8488364
5.5510392 -1.4335035
10.1978710 -1.8615896
2.3298074 -2.2596274
0.9467459 -0.9031701
10.0315557 -1.9358138
6.5289310 -2.0067668
-14.4372580 -2.5005744
3.7871525 -0.4624581
18.1523546 -1.2130911
-9.8703515 -1.9547358
-7.1571382 -1.6066388
20.3388049 -1.2613343
10.5127896 -2.1486434
9.2937835 -1.0330584
-1.3430422 -1.8646296
16.6524954 -0.3873155
7.7349382 -0.9367840
22.1642007 -0.6660263
-2.2965918 -2.5497861
14.0715933 -1.4175882
-14.1041962 -1.7834587
1.3635814 -1.8744952
-10.9835728 -2.2437560
-8.3826002 -0.4192626
23.0627385 -1.7659142
11.0882757 -2.1910047
8.4707835 -0.1268046
-6.1841617 -2.4641000
-2.3258075 -2.5496682
-13.9829747 -1.4507207
-7.4134341 -1.2934923
5.8179192 -2.0349394
23.6758912 -2.1035405
13.6660896 -0.9119270
6.1936798 -2.6414891
17.1089293 -0.2705094
7.4897242 -1.5656359
16.1137652 -1.0866496
5.0069887 -0.6694100
20.4828443 -1.1657865
14.3689828 -1.8785603
10.0519221 -1.9959286
22.7893014 -1.7602240
9.5601090 -1.4417971
12.8702048 -0.0771554
17.6466731 -0.2326938
1.9188203 -2.0413904
20.9358815 -0.6460480
-1.6421938 -2.0211085
12.1577299 -0.7977531
-12.9536055 0.1181515
10.1605048 -1.4838172
10.3220041 -2.0610370
16.5618709 -0.1802633
6.5334333 -2.1402456
9.0528618 -0.2666803
-1.2917683 -1.7149405
17.7168638 -0.4523744
22.4297243 -1.2751240
14.1569478 -1.5655728
3.7330963 -0.6543528
-7.6369160 -1.2072625
15.7656384 -1.7623345
5.3607374 -1.2875059
-2.7119409 -2.0274949
19.5971173 -2.1650885
12.6793070 -0.2866550
-13.1866792 -0.6286714
-7.1031106 -1.9038903
-13.5068441 -0.6696759
21.6807635 -0.1931294
5.1075661 -0.6983234
13.7129336 -0.9139927
5.8786447 -1.9392937
8.3254298 -0.1182320
11.3288405 -2.1065872
-6.5221123 -2.3181842
-5.9859184 -2.0991476
-3.6548323 -0.5541565
2.8154581 -1.7696189
-8.9471563 -0.2837357
-1.5435375 -1.8110131
8.0908721 -0.4514580
14.5891133 -2.3321592
-10.4045858 -2.1141376
21.3159527 0.0092845
16.6361561 -0.1544406
19.0297798 -2.2765676
-3.4513730 -0.8612739
15.3316899 -2.0272343
14.9647791 -1.9937961
3.7504950 -0.8063720
-6.3853410 -2.4068270
23.9496264 -2.2758103
8.3362952 -0.2458917
7.9203188 -0.8545424
17.4253103 -0.5874696
-4.8287692 -0.7809559
-4.2180846 -0.3008189
2.8431787 -1.9156749
11.9536368 -1.0084948
4.3271723 -0.4054912
-15.8213008 -1.6409173
-12.6392022 -0.1572076
-5.7920446 -2.3941028
-10.3529646 -2.0879852
-13.3416379 -0.1524265
19.4953753 -1.8318881
16.8811088 -0.2419110
-12.4903656 -0.5730960
12.5821808 -0.6978739
7.4736866 -1.3080891
1.5609653 -1.7998623
6.0660179 -2.1947613
22.3294163 -1.1607367
-6.9614658 -2.0862725
14.6990813 -2.2425477
20.2357482 -1.5790550
-12.9476962 -0.3894514
9.4014702 -0.9404399
6.3492899 -2.2649209
-11.6360975 -1.9056107
23.8666786 -1.8479508
-5.4696449 -1.4391364
3.6220604 -1.0729833
4.2007141 -0.5355112
1.1049270 -1.7392885
16.3804164 -0.7528973
15.1860633 -1.9137675
-3.5548608 -1.2101865
1.1779579 -1.6391751
-2.0971626 -2.3353351
-2.0296819 -2.2712985
19.0374422 -2.1685347
-8.2019310 -0.4602112
7.1695997 -2.0424442
-15.3634198 -2.6329057
1.9598869 -2.3852834
3.2489686 -0.9458745
12.3913386 -0.6848971
16.9535633 -0.2000537
3.4683239 -0.9547288
-8.6630782 -0.2970160
8.5757210 -0.1342323
-7.8738569 -0.8375288
6.8221940 -2.1655929
-13.1907382 -0.2805901
10.9563753 -2.3544083
17.3965626 -0.2997688
20.4958959 -1.1934773
16.2321137 -1.4738332
14.7986440 -2.0227664
-13.3040888 -0.0760026
-11.8036760 -1.2669398
7.3214017 -1.2800441
4.0035856 -0.4337899
-6.1487695 -1.9803039
21.2832928 -0.3462694
-5.0304549 -0.7550399
8.4957029 -0.3306311
18.5971423 -2.0156108
-9.7940010 -1.3305617
-7.9110127 -0.7473749
1.3860313 -1.8018750
-10.6608402 -2.2310616
21.1231449 -0.4822740
-15.1687092 -1.9572575
3.5120968 -1.0346648
-14.6394021 -2.2771231
-2.7669689 -1.8948819
12.0835557 -1.1494078
12.1654822 -1.0706641
13.0522437 -0.1754867
2.1622074 -2.2839325
-9.8578130 -1.5330427
-8.8330264 0.0651122
14.6653812 -2.2541750
22.7824891 -1.7462513
9.9048469 -1.8752614
0.6868343 -0.9208277
-0.8281448 -0.8607553
23.4554330 -2.0487379
-5.1601055 -1.6182561
13.4380865 -0.7425410
4.3741903 -0.4125466
-13.9378605 -1.1425957
-2.3293834 -1.9097924
11.6805884 -1.3472606
-13.0445003 -0.3626406
9.7114591 -1.5283264
-0.9382611 -1.1339069
-4.7361173 -0.6375961
-0.2185234 -0.5325299
-7.0970384 -1.9538956
1.3609051 -1.3970378
9.4932736 -0.9052911
20.0056862 -1.5942271
8.7495585 -0.1502403
-5.8755589 -1.8609736
18.7967905 -1.7638452
0.9666740 -1.7920659
-14.6946809 -2.0731329
10.4562303 -2.1045170
-15.8353832 -1.5480421
-1.2881980 -1.5468131
-6.4629761 -1.7514761
-6.5435745 -2.3195950
15.9806107 -1.0111838
-6.6388938 -2.1572808
0.6482935 -0.4834322
3.1018475 -1.4479794
-8.3403885 -0.3882045
7.1186661 -1.6960154
-10.5870951 -2.6641039
-12.6959917 -0.0700403
-7.7296100 -0.9167780
-13.8747561 -1.3688201
19.7266681 -2.1880218
-5.3557416 -1.4877902
18.5108236 -1.9863357
-7.4320491 -1.1725018
2.1452146 -2.2138451
3.8530186 -0.1372808
-7.7371263 -0.9966482
-1.6595509 -2.1732407
-4.1168888 -0.2607571
2.0242366 -2.2349602
14.7355123 -2.4033389
1.8284670 -2.1007977
13.1752699 -0.5512331
2.0127106 -2.2831288
5.5094482 -1.5408358
-10.8510986 -2.4292044
18.5618315 -1.5254786
0.8346106 -1.0469876
-12.7212894 -0.3627059
20.9429972 -0.3456380
11.0738831 -1.7898405
-7.8280359 -0.9293583
-15.4594313 -2.3632738
13.7523567 -1.1430579
-6.5637197 -2.3341749
15.0047896 -2.2749553
-9.7787705 -1.4354761
2.2448192 -2.5397616
12.5436714 -0.3649645
-3.1245769 -1.4185997
-6.5854714 -2.1049996
6.6695344 -2.2088012
-15.0504742 -2.4705647
18.2464712 -1.0493472
-8.2105357 -0.5675871
-0.5202923 -0.5413339
-9.5823544 -1.3948916
0.8346551 -0.7243746
-10.1108920 -2.1016519
19.0135167 -2.2506703
7.4967779 -1.1598755
-1.9274453 -2.4496983
17.8505281 -0.5595046
4.4086513 -0.2246529
-15.1254310 -2.4070702
7.0918409 -2.1390330
19.1113268 -2.1837740
-5.8524884 -2.0720430
-9.0296192 -0.2581041
-11.0585413 -2.4153958
9.5261215 -1.4241487
-15.4957186 -1.9944577
12.5122971 -0.3715712
-9.7796215 -1.8430690
20.3212928 -1.2178321
12.2630304 -0.7761379
-1.9650724 -2.2313055
-7.1866491 -1.8019654
-11.7858891 -1.4342723
-5.4314340 -1.5459370
5.7119265 -1.9179790
22.0772864 -0.7061554
-11.1675257 -2.1348842
4.8848276 -1.0082287
-14.1862683 -1.7353035
0.5996179 -0.4671367
7.1302545 -1.8043437
17.0494248 -0.1900760
-6.7667652 -2.1749159
-7.0282634 -1.9927105
-4.3602053 -0.1600388
-8.2058470 -0.4642220
9.1079097 -0.2360181
20.6224677 -0.5174888
-8.2689847 -0.9107312
13.1791777 -0.0671910
-0.6012222 -0.5265618
18.9236126 -2.4084170
-2.5188398 -2.0177685
11.3861377 -1.6300535
14.1245199 -1.8493039
13.8211127 -1.5490313
23.6160825 -2.0186848
-4.8127674 -0.7867837
-15.5171373 -2.1612182
14.3074854 -2.0542976
13.7767275 -1.3456019
6.3896023 -2.3662798
-7.0490399 -1.9958664
-13.2327615 -0.6208856
19.4013082 -2.2639873
13.2741767 -0.4855841
21.6972762 -0.3833792
8.0029710 -0.6745550
-9.3191869 -0.9851114
22.8445349 -1.5676397
6.1240378 -2.2034125
14.0988499 -1.3959220
16.2198309 -0.9620602
22.6144685 -1.5033333
21.7907041 -0.4100318
11.5010124 -1.5957366
3.3223576 -1.2991453
7.6507082 -0.9765460
12.6065728 -0.5714167
-5.1063346 -0.7064691
8.8885783 -0.3864455
-1.0401416 -0.9736858
-6.3868897 -2.2450074
13.9861625 -1.4217344
-3.3809006 -1.2636740
21.0121071 -0.3921479
0.5662411 -0.5339429
-10.5594910 -2.3347322
-9.5944476 -1.2553541
-15.5817454 -2.0197140
8.9512514 -0.5865316
-8.7011532 -0.2549649
0.9396050 -0.9677316
-10.0541607 -2.0715958
20.5242907 -1.1924149
19.4970552 -2.5893945
0.4740717 -0.5122003
20.9912776 -0.5264314
11.7598312 -1.3723302
-2.5550302 -2.4220501
23.6333234 -2.3570960
8.7674976 0.1253929
-7.3799782 -1.3472611
20.5474862 -1.0694133
-7.1197133 -1.7347976
14.8394498 -2.0180516
8.4778718 0.0233584
-4.9621760 -0.5891748
-9.1983902 -0.5314722
15.3846282 -2.4378946
14.6080603 -2.1997440
4.4779189 0.0026564
23.6403135 -2.0234090
6.4605502 -2.0831012
-2.8474876 -2.2042525
-13.6256881 -1.0169926
-14.1756271 -1.5570968
12.4087862 -0.3486755
2.3722702 -2.0997743
-5.6045870 -1.4510037
-14.3309050 -1.7989544
15.7848230 -1.6946792
11.4380392 -1.6937982
-8.4783048 -0.4992551
-8.3981516 -0.4352157
-6.2184890 -2.1516499
-8.7240906 -0.3706897
-0.0543297 -0.2572224
16.4921468 -0.5683622
4.9920230 -0.5527885
-6.1813335 -2.1641711
10.9305304 -1.9888524
20.7869331 -0.8588315
-15.4303135 -2.4042364
-11.3129648 -2.0072561
17.4988824 -0.5120246
-5.8441357 -1.8753048
-6.7649232 -1.7171912
-0.8705424 -0.9944239
12.6487255 -0.2812515
-15.2120700 -2.3619579
16.0793093 -1.2631195
-11.6826651 -1.5322961
-14.6535900 -2.0201038
12.0760432 -0.8954227
23.2343365 -1.9707320
-9.8724141 -1.8625491
10.9969663 -2.1927245
6.9660971 -2.4821226
-6.4246261 -2.2594039
-11.6224524 -1.5679986
5.9676969 -2.1249516
14.4787644 -2.0731358
22.5122526 -1.3181347
15.6648567 -1.7150930
22.5654885 -1.5699442
9.1281485 -0.5587900
20.7126411 -1.1377084
1.9049732 -2.2655877
21.9404412 -0.4684071
1.9693395 -2.2395768
-6.5190568 -2.1715885
3.5223738 -1.3919867
5.3401997 -1.7430872
22.6647411 -1.9597125
4.1241278 -0.2763111
14.4376564 -1.9748801
8.9608712 -0.8705663
14.2476809 -1.6794750
12.8247290 -0.1629019
19.3427287 -2.2684151
-1.5537916 -1.9589867
12.1316125 -0.6516139
-5.1406266 -0.8177289
-9.7457891 -1.4288678
1.2754055 -1.7228309
-15.9363074 -1.3542135
-0.8204890 -1.1687285
-4.1805324 -0.3304612
10.6856210 -2.2580777
-8.6282066 -0.0590951
11.8727694 -1.5560629
-13.0574700 -0.1475198
-9.0531746 -0.5555473
-2.1017183 -2.3991251
-10.2095473 -2.0199192
-7.8753427 -1.1380286
7.4963812 -1.1475885
16.2609893 -0.8180977
-1.6968059 -2.2819336
17.4605372 -0.1123974
-13.9127357 -1.6284943
22.3348832 -0.9480755
7.3053243 -1.7921131
7.1862992 -1.5711894
13.2646685 -0.4057593
-2.9478050 -1.6409548
-14.5839287 -2.2010280
-12.3029539 -0.5975902
-11.1008885 -2.2171336
4.3218807 -0.2450420
22.7536280 -1.7448836
8.8244434 -0.5063704
8.0517360 -0.7206360
17.1105993 -0.3544387
12.1607151 -0.8441635
21.1953823 -0.4403352
0.1258156 -0.2118516
11.3629599 -2.0049979
17.4720595 -0.5770181
1.8553860 -2.1454037
-8.3248620 -0.3959434
-4.4262762 -0.3056404
0.0697635 -0.5284385
1.3561648 -1.6771134
3.6139867 -0.4806752
1.6858547 -2.1685840
20.0890416 -1.5107432
-0.8141374 -1.3008269
-6.5066959 -2.4861475
11.8432324 -1.1544255
-5.7864457 -2.0802122
13.1952546 -0.5524149
20.9734543 -0.7651798
8.6156827 -0.1778440
-5.0077414 -0.5740463
-11.8956278 -1.0379058
12.5681609 -0.7058062
16.3524624 -0.5870636
-7.1096993 -1.9313652
-7.2777134 -1.4908301
11.4730117 -1.4871644
10.6483400 -2.6313579
7.9535489 -0.3804302
0.9879334 -1.0436854
10.1124682 -2.2439835
6.3817759 -2.4928992
0.2532464 -0.7089501
21.7594804 -0.3128043
16.9186071 -0.5645941
-6.0909342 -2.2166722
2.9625581 -1.4629472
-14.3835327 -1.8040294
16.8466674 -0.3658638
9.5387701 -1.3518261
-14.4463938 -2.0285524
-5.1863860 -0.8473284
-10.8908204 -2.0449743
13.4609167 -0.6004536
-5.3051751 -1.3124966
23.0038062 -1.7423407
-0.1397381 -0.4911225
-12.3930586 -0.7523779
0.6912336 -0.8912730
19.2759368 -2.4086858
-9.8569938 -1.6485772
-3.4293232 -1.0763375
17.9913245 -0.9383303
6.6246300 -2.3245816
21.9249303 -0.6051296
-2.7513925 -2.0829708
-9.0723548 -0.6695614
-3.5165258 -1.0321183
22.7578378 -1.4669870
4.2338758 -0.1359724
7.2352858 -1.7945524
-12.2579798 -0.9241697
11.7900679 -1.4780043
-2.3924644 -2.3381878
-9.4533224 -0.8192738
-15.8539008 -1.4156100
-3.4862982 -1.3121830
17.1840715 -0.7268485
3.9477108 -0.0083142
-2.9725252 -1.6835184
-7.9830539 -0.5503399
9.4929742 -1.0171120
14.5896028 -1.9868961
23.4639296 -2.4225735
-14.2934640 -1.6730507
4.3759073 -0.0104331
19.0141938 -1.7213312
-5.1864183 -1.1332582
-11.0186429 -2.5587231
-9.3766074 -0.9510500
-5.1766071 -0.9999499
19.3887585 -2.7747133
13.9582315 -1.2303104
-15.6976524 -1.3494484
-0.5223975 -0.5887617
10.9343598 -2.3955371
4.4433904 -0.2232285
22.8673199 -1.9318227
5.0921365 -1.3306556
-8.6138993 -0.1924179
20.1178982 -1.4579820
10.5967397 -2.1626684
-14.4944814 -1.9753656
-4.6910793 -0.7069971
-0.4565321 -0.6404789
-3.8972429 -0.7610613
16.2167654 -0.9351211
13.2512065 -0.5865470
12.0936798 -0.7575110
18.0984214 -0.8498391
-14.4960674 -1.6030417
11.5136289 -1.6769369
2.7053285 -1.7424876
1.9471026 -2.4532712
-13.5538043 -1.1382839
5.1090836 -1.1038854
-13.2116959 -0.3513399
-12.6890480 0.0637309
0.4922017 -0.4675186
-6.2789903 -2.5752992
3.2075918 -0.9859384
22.6145270 -1.4886200
-14.9778212 -2.5240562
-2.0256379 -2.5967556
-14.6573641 -2.6503148
-14.8050119 -2.3183157
6.3647372 -2.2664087
4.5774542 -0.7427356
4.4579768 -0.3084925
1.6909066 -1.8288630
17.5638814 -0.5135486
0.0937353 -0.5078323
-14.4151807 -1.8288898
15.2952075 -1.9756404
7.8341688 -0.5539421
13.2402005 -0.4929212
8.6455307 -0.2251269
-1.1159058 -1.0254981
7.0894696 -2.0775359
-13.2021143 -0.8886419
-5.7859383 -2.0001589
-9.2319094 -0.4891296
15.7480173 -1.5555471
19.2465257 -2.3125930
21.2238546 -0.2794785
3.1405836 -1.1717080
7.0562714 -1.5956327
-4.3669783 -0.1383280
8.5960845 -0.4149708
-8.6298725 -0.1656202
-4.4582596 -0.3511772
19.4075103 -2.2956708
0.4039834 -0.5868718
22.0420387 -0.8661319
22.4646756 -1.2379303
2.5059573 -2.2972306
0.8293479 -1.1107617
-2.8464237 -1.6857396
-14.2446000 -1.8849838
0.6038465 -0.5240319
15.9614896 -0.9409427
14.5217208 -2.0767470
2.7848810 -1.8392115
-13.0530493 -0.4151589
3.6903796 -0.9917469
22.3996462 -1.3407474
-12.0000326 -1.1856727
-4.1594059 -0.1619826
19.5940499 -1.9147258
-6.5262317 -2.1931399
17.8670379 -0.5601105
-4.6106163 0.1116016
2.1622809 -2.0835790
-13.2160585 -0.4489912
23.9167655 -2.5158661
16.1376893 -1.2459763
0.4458935 -0.6388957
-3.8064405 -0.9238312
-11.2450785 -2.1209076
-8.2095417 -0.3498448
-0.8108716 -1.0197298
-12.2522940 -0.6808209
20.1224503 -1.8917967
-4.9437109 -0.7009539
-12.2165956 -1.0211795
9.2694178 -0.3494643
11.4579564 -1.8341258
-5.5894613 -2.1449126
16.5867049 -0.3892381
-13.7058262 -0.9705256
3.2016997 -1.4677061
-3.1545509 -1.1720001
16.6301790 -0.7301124
12.0024718 -0.8524360
-7.4889286 -1.4579520
-0.3580802 -0.1313783
-14.2840080 -1.7131280
-7.3726807 -1.3466994
20.7856416 -0.4554021
7.4810315 -1.2652200
17.3361772 -0.3643943
-9.2442612 -0.7070155
-11.1632790 -1.8492348
-2.7925824 -1.6421033
15.6937568 -2.0685538
20.5887859 -1.0418071
22.0284541 -0.5233051
22.4353730 -1.6267879
14.3073042 -1.9413954
-4.6887555 -0.6612065
23.1931938 -2.1794505
7.0768520 -1.9851111
-4.2060372 -0.2771754
-11.2236138 -2.0355811
1.5525768 -2.1611934
10.7388938 -2.1840637
11.7774309 -1.3566079
-4.3581724 -0.3470893
-10.8752928 -2.2037810
7.3665049 -1.6562453
6.7991297 -2.1107683
-12.2036707 -0.6556267
17.1656773 -0.5812710
-9.5159914 -1.1627368
3.5695241 -0.5813778
13.7439955 -1.3911466
-14.7212679 -2.3157748
15.3209014 -2.2344580
-12.1631604 -0.9101723
1.9098448 -2.2090111
22.8657557 -1.6929890
-5.5538846 -1.7457246
-8.9030886 -0.3844745
2.3327986 -2.4206111
-4.0890733 -0.7183383
-10.8848316 -1.9661390
-0.4739963 -0.3411311
20.5018539 -1.5127474
19.7223480 -1.9180198
9.5812591 -1.2336257
-11.8388139 -1.2434984
-8.3861572 -0.4834547
1.4341701 -1.7689959
-8.7774568 -0.5364722
0.4615675 -0.6287539
3.5109696 -0.6877880
18.8491843 -1.9639660
9.1736951 -0.5427645
17.6712260 -0.7807637
4.9106663 -0.7880264
9.6327102 -1.4007144
15.9121799 -1.4969958
3.1462686 -1.2265448
19.3609952 -2.6509893
23.1921831 -1.8183030
-2.9118061 -1.4905230
8.8318211 -0.3739595
2.8976187 -1.6896554
-12.8564294 -0.5093480
-8.7924467 -0.5364361
-10.4657797 -2.2758359
-1.5945027 -2.2519585
4.9325889 -0.9421517
21.1040600 -0.1089898
-13.0037568 -0.6961533
1.1069703 -1.7247273
-1.4360805 -1.8300693
2.6843019 -1.8238348
12.4227538 -0.3829854
-14.5797656 -2.0170151
-5.3258510 -0.9040791
14.9836414 -2.0091129
7.9754257 -0.7005831
6.1625200 -2.2367076
6.1064401 -2.4071847
-3.1496729 -1.3423009
1.0812120 -1.4718132
-13.1557534 -0.7412703
5.5777570 -1.7299721
-4.8302250 -0.4906137
-9.1782599 -0.7816734
-7.9342739 -0.7300089
-7.9832646 -0.5325890
-10.5046226 -2.3716703
16.0097746 -1.4835772
4.3634961 -0.1431049
20.6752886 -0.8609063
-12.8413716 -0.2478887
13.4148076 -0.4757542
8.8534292 -0.3133842
7.0254961 -1.9172001
22.3742684 -1.3685334
23.3232923 -2.3174921
5.5539195 -1.9843977
1.0792901 -1.3058823
-2.5204571 -2.0638329
-7.0487060 -2.0918929
-9.8840180 -1.8755443
-11.0715056 -2.2453518
-15.2699244 -2.2686241
16.4925366 -0.6852944
14.8907999 -2.0691252
20.4665314 -0.8679001
12.4341086 -0.4350353
4.8313980 -0.6485169
13.5925599 -1.0813921
18.7184344 -1.6674064
11.1571175 -2.3476474
-8.9161230 -0.1996590
-0.3972049 -0.2202081
-11.5701126 -1.6740413
-1.2630603 -1.9277065
-15.8554322 -1.8030007
22.1348055 -0.8077656
19.4803892 -2.5543454
16.8358807 -0.6409735
21.7683348 -0.1774933
-8.6599319 -0.2628127
8.4825322 -0.3206033
-6.8759150 -2.2686283
-4.9381114 -0.4856647
21.4316662 -0.6029206
21.2256695 -0.2389340
6.7809860 -2.4171991
3.8953527 -0.4040997
3.3843904 -1.1735222
0.7726477 -0.9875651
18.3368204 -1.6362162
-5.2358242 -0.7887065
-9.3877244 -0.7351172
-9.6861386 -1.3685253
16.5112548 -0.6168822
20.3955931 -0.8993796
17.2214387 -0.4219164
-10.4589894 -2.1411361
16.7160048 -0.3079249
23.9582413 -2.1416093
-0.3185885 -0.3178168
-2.0661390 -2.2348373
-7.9576118 -0.7406138
-6.1298565 -2.2878622
8.8740985 -0.4894824
13.4071562 -0.6490547
-5.6765447 -1.5199528
11.7862141 -0.9431826
-10.0495845 -1.7845025
-10.2643645 -2.2340857
-0.6589345 -0.7371721
20.0153503 -1.8676008
6.7729770 -2.1582285
5.3426213 -0.9797736
-8.4977864 -0.4315487
6.9799404 -2.2067485
3.7078357 -0.6841346
15.2097119 -2.1934881
8.8834914 -0.5052524
10.7883092 -2.4185064
3.9850152 -0.2573784
3.8407451 -0.7037399
-14.2307326 -1.7625220
19.1062510 -2.3869174
-10.9819618 -2.2071888
-12.6384241 -0.1558383
15.4147029 -2.0312321
0.1726043 -0.0554819
0.9583674 -0.9237281
13.7880591 -1.1494558
15.1638471 -2.3997595
-2.0650317 -2.4241248
0.1046342 -0.4443158
13.5712908 -0.7902256
2.7654640 -1.8520809
2.8870662 -1.7470953
-15.0612596 -2.6208083
16.2902190 -1.0216425
18.5077443 -1.4706897
13.5783751 -0.7595770
-14.2220758 -1.7150041
2.2123722 -2.1260647
13.4544376 -0.4575109
0.7316943 -0.9165834
-0.9306896 -0.9944193
-0.2066615 -0.4285039
1.9393509 -2.5919792
5.8269259 -1.9967552
3.2974868 -1.3236552
-1.1947930 -1.8093686
-2.5018172 -2.2139142
8.0064977 -0.5504589
15.4571731 -2.2461101
6.2425835 -1.9066076
-2.6194775 -2.4830056
-9.7660155 -1.2330530
16.5390500 -0.6898917
-7.2382399 -1.2913146
13.9087992 -1.3318176
13.3908928 -0.6893569
-8.4916030 -0.0055585
-5.3733292 -1.4430454
-0.6131575 -0.8010319
-0.1795437 -0.3196657
0.2649335 -0.0092364
2.4797179 -2.2510238
-4.8683390 -0.4703033
7.3336659 -1.6935028
16.7163172 -0.3275473
10.6708579 -2.2760606
14.8042662 -2.4738215
2.8028173 -1.7673651
-0.0731959 -0.5126857
3.3095844 -0.8919219
18.0670388 -1.0787902
12.1047993 -0.6484308
0.4882670 -0.2978835
12.5284396 -0.3939344
-4.5693609 -0.5160646
-4.9159824 -0.7344657
-15.2908090 -2.0872534
13.9052862 -1.1680155
-12.6379907 -0.4134147
8.7856448 -0.4089832
-13.5980444 -0.9042525
-6.6853982 -2.3409358
-8.6533210 -0.4299454
2.5923516 -1.9177295
8.5110294 -0.3907858
5.4279556 -1.8199132
-5.0713442 -0.6964349
23.5120876 -2.2777865
6.8822863 -1.9355228
-11.3683726 -1.9629898
-2.2350534 -1.9374056
9.4973700 -1.2127230
-0.6824558 -0.7886800
-0.7149536 -0.9888246
16.8101981 -0.2048057
-10.1546237 -2.5073918
19.8728762 -2.0871013
22.4379183 -1.0511341
19.6426261 -1.8727619
11.0529038 -2.4106680
-15.9913342 -1.4332816
22.0467871 -0.4724846
10.0159930 -1.7072006
6.5315460 -2.4829833
4.3323620 -0.4045868
1.3388310 -1.7736935
-14.1469345 -1.1584158
11.3616773 -1.6676423
-2.1203082 -1.8300356
2.9341596 -1.4675873
0.4840015 -0.4552009
1.5888291 -2.1170412
-12.6646784 -0.6875998
7.7702007 -0.6364677
21.0658780 -0.3074093
17.5364926 -0.3471388
17.8155712 -0.9129193
-7.6468613 -0.9006086
-14.1518829 -2.0460219
19.0908365 -2.4255017
-12.9724180 -0.3232758
3.3188985 -1.4291015
-15.1353072 -2.4644979
10.2618225 -2.0047390
1.0706018 -1.1359431
-3.3923657 -1.2120219
-11.6671953 -1.3286674
17.4523717 -0.0373853
-8.8974923 -0.6432663
-14.1808186 -2.0339946
-10.7537426 -2.0147173
19.2776054 -2.2003892
-8.9506289 -0.2419923
18.0145289 -1.3066738
11.0878389 -2.1589358
6.4586840 -2.1556420
21.8034552 -0.2205233
1.2699125 -1.5920438
-0.0441381 -0.5048826
2.6416418 -1.8872576
-3.8237289 -0.5974920
21.4748650 -0.3736727
-7.8852458 -0.7953940
0.1040822 -0.0827958
19.7615883 -1.9526356
12.1980766 -0.7160094
-13.2792276 -0.3878783
20.7244382 -0.4854260
-13.6097974 -0.8955691
5.2091715 -0.8531249
-4.5362787 -0.6368083
12.6450554 -0.6196930
-11.5424963 -1.9435183
-5.2187333 -1.1705222
-5.3892397 -1.5178778
19.4605030 -2.3884395
-14.3443104 -1.7377074
23.5083849 -2.2049783
18.2330800 -1.2673215
4.4780114 -0.3638026
19.2847935 -2.4994405
-14.2698717 -1.7120125
14.3901841 -2.0303987
14.0392734 -1.5353404
9.6447862 -1.2864345
-9.3237934 -0.7985335
-12.2254352 -0.5849642
14.0503806 -1.6875598
-0.2155105 -0.3895331
19.2066404 -2.2845345
19.4675456 -2.1615513
-14.7041111 -2.0713848
9.1302479 -0.4915091
17.5421736 -0.5528029
14.7445487 -2.3919958
0.7546353 -0.7678298
18.6517561 -2.0317667
2.5261807 -2.1665286
14.1967247 -1.7560401
-8.4485910 -0.3066926
-3.2010415 -1.3404232
5.9924061 -2.3310808
5.3401522 -1.2885796
-2.6231149 -2.1669103
10.4992091 -2.4339426
10.1862161 -1.9405726
12.6926714 -0.3136066
16.9579932 -0.1147062
7.5892144 -1.0845796
0.6383610 -0.8354171
21.7622586 -0.3771515
11.0840095 -2.2323561
18.4723092 -1.2636062
19.5419998 -2.1213196
-6.4698395 -2.1173333
-10.3939753 -2.3545153
6.8013533 -2.4483960
-12.5180749 -0.4509574
-2.7527186 -1.8039407
6.4179842 -2.2478480
12.0190121 -1.1855179
-8.3169080 -0.0217550
-1.6419288 -1.8602757
-6.2749684 -2.2838416
-4.9285532 -0.4854214
5.2822692 -1.2815519
-0.7395489 -0.7666155
-14.1518192 -1.7776703
-4.6181732 -0.5128997
5.2756643 -1.5618039
-15.7352758 -1.7387495
-4.3242441 -0.1901742
-11.8788653 -1.0393188
10.3660032 -2.4138076
-8.9827846 -0.4436108
-15.9999689 -1.2323795
-9.0632535 -0.4426116
2.7606677 -2.1554255
-7.2115259 -2.0873979
8.6976689 -0.0723061
-11.5789681 -1.6972208
10.9646831 -2.3877169
0.4773938 -0.5605856
17.4153844 -0.3087993
12.2648851 -0.7578060
-8.2186874 -0.4036610
-0.2914413 -0.5397268
-9.8799071 -1.6089936
18.2172775 -1.1675449
10.1039112 -2.0201895
4.0959889 -0.5619872
-7.0783382 -1.6191950
-4.2881907 -0.2555484
17.5120946 -0.6020833
-4.1542655 0.0159734
-4.7555232 -0.2260458
-9.4949176 -1.1282765
10.8106571 -2.5372300
-0.1430077 -0.2517749
18.8101114 -1.9364755
1.3173763 -1.4613422
-2.1883204 -2.0651459
13.3010116 -0.4693579
-8.8597809 -0.4300103
-0.7539071 -0.9067226
7.8550474 -0.5572009
-1.8306413 -2.4515364
-3.4167185 -1.3438301
0.3102336 -0.6538976
7.0143815 -1.8574933
22.7853294 -1.5359127
-15.2878553 -1.8372940
-13.6085456 -1.3340579
-5.4026572 -1.5367075
13.9269545 -1.0653498
-0.6316599 -0.7008675
-15.2166188 -2.1481096
-12.4919206 -0.4554308
21.8839558 -0.3565977
18.9612462 -2.2652390
-15.7541734 -1.8712873
23.6161505 -2.3143590
-9.5016872 -1.2761064
12.1419509 -0.9137882
-9.6082998 -1.1252724
21.1106721 -0.3851433
-3.9788119 -0.1839028
-15.4496498 -1.6794511
-9.2306381 -0.5868059
17.7110342 -0.7485584
16.9201375 -0.5452689
23.1461830 -1.9552128
14.2958223 -1.5669000
15.2919912 -2.2561229
23.0709806 -2.2976594
10.6525059 -2.5436121
9.1649417 -0.5488632
-15.9326647 -1.3666764
16.4145764 -1.1887202
-14.5601954 -2.1484199
8.5297139 -0.3713281
10.7801658 -2.3881688
11.5705028 -1.5371560
10.2010271 -2.1534971
6.3588677 -2.4457233
-4.6657559 -0.3962866
-1.2735633 -1.4997051
-8.1779199 -0.5918285
4.1090956 -0.2455087
-1.0698592 -1.5029772
-11.0521744 -2.2206700
12.0546002 -0.7418779
22.7983258 -1.8363846
2.6279099 -1.8131912
4.3050965 -0.3234586
19.2074014 -2.2690495
-12.8505999 0.0570539
8.9149566 -0.6146416
22.5402068 -1.4799824
-12.9189645 -0.0894181
0.9113944 -1.2392983
-0.6396613 -1.0333097
-9.4656086 -1.0378343
19.8309216 -1.8473555
0.8072067 -0.6996475
-11.8571098 -1.4075669
6.8199345 -2.4329086
22.5311330 -1.6111331
3.9342025 0.1727104
-9.4424145 -1.0075029
-10.0724821 -1.7575428
8.5442546 -0.2615298
1.4810891 -1.9619427
-8.8502180 -0.2063610
-12.0228687 -0.6219778
19.3227246 -2.2942119
18.7193587 -1.6023599
13.5516532 -0.8160640
23.3399257 -2.0569258
0.2488919 -0.4895258
-2.1875674 -1.7252786
-13.2439200 -0.4373079
17.1757197 -0.1942547
17.0386528 -0.2321985
16.3500956 -0.9062986
-7.7500033 -0.8231305
17.9076343 -0.7251993
0.6091584 -0.7345071
22.1091786 -1.1150616
3.2682949 -1.1486374
22.5121863 -1.2960202
2.4306752 -1.9469191
20.7344889 -0.8128767
7.4976152 -1.0893591
