11.6481561 0.1002505
-5.2353701 0.9832464
-10.5218819 -0.0092366
-2.6599993 1.6935558
-12.9385356 -0.2389568
15.3369825 -0.7691267
-13.3507526 -0.3407769
3.0707836 1.7669036
-14.7871418 -0.4575583
12.5855519 -0.0698806
11.4389822 0.0359919
-18.4754790 -0.6598429
4.7605133 1.3344976
-1.3711557 2.1835232
-16.4364242 -0.9563879
8.6724804 0.4766393
-14.3479827 -0.6275054
8.2367045 0.6764303
20.4635904 -0.7607086
1.8957634 1.7232848
-11.9370650 -0.0646868
-10.6577525 0.2723204
-18.8473199 -0.4514656
2.8467653 1.8489205
-5.3749157 1.0389811
8.9371214 0.3774765
-2.7659847 1.4906979
4.5589579 1.2134652
-4.8487608 1.3421109
11.9188196 0.1084975
-2.0478579 1.6255887
0.4073948 1.5233653
17.0359131 -0.7931797
18.4332558 -0.5886510
-12.2373114 -0.0244506
7.0633683 0.8591600
5.0931513 1.3605240
11.1648908 0.2451451
17.4841152 -0.6371856
15.7254607 -0.4738202
3.7410608 1.2602297
17.3794929 -1.0911049
14.8268058 -0.7031378
-11.6252672 0.1081439
-14.9560645 -0.7480211
-13.0825960 0.3187553
4.1150433 1.4538058
18.7947056 -0.1492206
12.8928313 -0.0202487
-10.1641684 0.1626327
