1.8935636 -5.9097241
0.5009067 -0.9993216
2.3899067 -10.1508331
2.7474938 -13.5419226
0.8214220 0.1168005
1.8099844 -4.4103614
-0.4481644 -0.4772994
2.8902635 -13.8661300
2.7594449 -12.8657451
-0.8907285 0.4123908
2.1767717 -7.7683864
-0.5101570 -0.2693118
1.8024146 -4.9310209
2.8420079 -13.1856836
-0.9275724 -1.0307343
1.1332607 -0.5841410
-0.9266249 0.7071624
2.0325630 -5.7626491
-0.6431797 0.9711883
1.8713999 -3.7642189
2.7110569 -12.3745938
2.5642392 -8.5101399
0.2023265 -3.5508587
-0.7451389 -0.4392564
2.6488746 -10.3300644
-0.3737932 0.3602415
2.5864614 -9.4685548
2.1510222 -6.3098171
0.5211362 -1.3399669
2.6248714 -9.4254704
1.9073705 -2.8618861
2.2180091 -8.0413919
0.6595472 -1.8767500
2.5614961 -7.3461337
2.1611605 -5.7799177
0.6588092 -2.4844857
2.1132702 -6.9789460
-0.1761725 -0.9339757
0.1803954 -4.3559056
1.3904912 -2.5997213
1.3788459 0.1905718
0.0047865 -1.7602925
1.6424974 -2.5461669
0.0117800 0.4072307
-0.5525275 0.7582206
1.4436258 -3.4592024
2.3577915 -8.9657508
0.5798934 -1.0450037
-0.2165345 1.0049867
-0.4017563 -0.5774259
0.9909653 -1.5470091
1.9787447 -4.1098015
0.6967871 -1.0457316
0.8465340 -1.7452856
0.6744384 -0.3058567
2.0217766 -6.7082284
2.0031427 -3.4226876
1.3027273 -5.4958376
1.8859737 -4.3776459
1.3763280 -3.2331110
-0.5352475 2.3078864
2.8411153 -10.8822492
1.3326008 -1.0662381
-0.0616086 -2.2841096
-0.0096932 0.1381377
2.3659207 -6.8650352
2.1003784 -5.3433194
0.8205256 -1.6848998
1.8127371 -4.6677744
1.2781520 -3.2576270
1.4609324 -4.1733628
1.1877628 -1.7524659
1.0250961 -0.9458366
1.3668973 -3.5775650
2.5519240 -7.7002014
2.4876501 -7.3271641
2.1954948 -6.7142472
0.7314220 0.1429297
0.0916448 -1.0009971
1.5275434 -3.4768308
2.8225640 -12.6431738
1.8481044 -4.4252930
1.6017898 -2.9090288
1.2092057 -2.3246226
1.5432967 -4.5238778
-0.1199007 0.2478778
-0.3808329 -0.2259010
2.3412817 -6.5133795
2.7370375 -8.9842565
0.9185231 -0.5852413
2.5289882 -10.5974856
0.8436028 -1.2179440
0.8115900 0.3097278
-0.6478125 -0.7228799
1.0708781 -1.5052373
-0.3905422 0.6249738
0.9418241 -1.5767017
0.1997300 -0.3506640
2.8160863 -12.7442353
1.3432554 -3.3888914
-0.1583546 -1.2654928
1.0926655 -0.6342915
1.6645035 -4.8966288
0.4512588 0.0473922
2.9185126 -12.6595895
0.0552363 -1.1470736
1.7470415 -3.2540449
0.4716362 1.0659335
-0.8771736 -0.3333420
0.0207896 -1.2723971
2.4287223 -5.9302367
2.7262730 -10.9412026
1.1421611 -6.1190643
2.2958066 -6.5757322
2.6396168 -10.2181547
2.7972468 -11.1191020
2.7499235 -11.7556192
2.5702040 -10.1666453
-0.5873614 1.3340271
1.4810528 -4.1730753
0.4534671 -3.1247163
0.0882607 1.7602931
-0.4561088 2.1269493
-0.7593303 2.2618161
1.3731050 -1.5719414
2.4556502 -8.7495192
1.2984805 -0.0732078
0.5157076 -0.3053036
-0.3626264 -1.2618121
2.4273836 -7.1017906
2.2654008 -5.1799144
-0.0383470 -1.4906680
0.1783545 -0.6688084
2.1018375 -5.2748226
2.5241209 -10.9540810
0.0200193 -1.2262840
2.6997042 -10.0048157
1.0219940 -0.9130219
1.0678375 -0.1545022
0.5339121 0.6158792
-0.3637892 -1.1914229
0.3145225 -2.5850747
1.9370761 -4.5958711
1.0935983 -0.2504999
0.4348804 1.7045678
0.1110829 0.5068976
0.3503676 -2.0778574
1.9814532 -2.8840422
0.0149395 -1.9813214
2.6472006 -11.9046254
-0.5046452 1.6383387
2.9537630 -15.3201872
1.9416666 -4.7430605
1.1673867 -1.2301097
0.0035032 0.0305424
-0.0770392 -0.2727962
2.2234811 -7.3301836
2.2210768 -6.5986157
1.6821984 -2.7804026
-0.1459349 1.4910144
-0.3192539 -0.9248107
0.6077086 -2.5830392
1.7748591 -2.9010723
0.3393707 -0.3601721
0.5355431 -1.3792899
0.5581137 0.7506898
1.9511655 -6.3191912
-0.0606720 -1.1781855
0.3860393 0.0389051
1.2685800 -3.6900624
1.7842040 -3.8551117
-0.7069977 0.1968541
-0.6596372 0.8714325
-0.8385938 -2.5299189
-0.0341173 0.9006372
0.1757578 1.2533746
1.3145561 -3.7690662
0.3391361 0.2655827
-0.3187459 0.7464373
2.6340828 -10.9466920
-0.2613938 -1.9558809
2.7074942 -10.4587932
2.8867342 -12.9400149
2.6839166 -11.0453026
2.0288766 -2.5662892
-0.7220466 -1.9593297
0.8209797 -2.5417267
0.7869311 -2.0531723
2.0158839 -4.8263748
2.7832144 -12.0366014
2.6400203 -9.7984932
0.9694644 -3.0082104
-0.0976711 -1.0292806
0.3997742 -0.2250188
1.6945352 -3.1087003
2.0675857 -5.9616370
2.4214769 -6.6774612
0.3062288 1.5412541
2.3261235 -6.8344805
0.4294092 -4.0637203
2.0835720 -6.1300766
-0.3921674 0.8268337
2.6177279 -11.3223725
1.5066033 -2.2343140
2.5652971 -8.5488836
-0.1152213 -2.6328596
-0.0418609 0.3464570
2.7672147 -12.5456130
-0.4556352 0.2039504
1.0596461 -1.8141264
2.7079508 -10.8013870
2.2933740 -7.5495597
-0.1126968 0.2210322
2.9709255 -14.3659563
2.4140742 -9.4683868
0.4298026 0.7461599
2.2041772 -6.8778090
-0.9713699 3.4358348
0.9985177 -0.0050670
2.6677329 -8.0509310
0.5872002 -1.2336126
-0.4037690 -0.5827208
2.0771197 -6.1881160
2.4538780 -8.5336882
0.0455764 0.0459995
1.0718583 -3.6788433
-0.5829743 2.6181382
0.5253353 -1.1677469
2.4352470 -8.7722890
1.7900991 -3.7041980
1.6938558 -4.3687817
1.0115935 -0.4590581
1.5768535 1.0477669
1.5814856 -4.1608603
0.1919055 0.5753411
2.4636084 -5.6583837
-0.6080853 -0.0419688
0.4832941 -1.0765477
0.6464710 -0.4904266
1.2933783 -4.3346794
-0.4591331 1.3869033
0.6238734 -3.6141132
0.2550912 2.2736170
2.2381158 -6.9528783
-0.1529374 2.5964676
-0.2712699 0.4881523
-0.3796212 1.2412715
2.5471916 -5.4822495
0.6355623 -1.5991075
2.7839781 -11.1323809
-0.0747507 -1.2060898
0.6855020 -0.1964862
2.1094245 -3.4429869
2.9990275 -14.7643244
-0.6986540 1.9642544
-0.3900021 -0.0343776
2.0340924 -4.9053993
0.9502091 -0.5282705
2.6949109 -8.9021093
0.7725756 -3.3114092
0.9767651 -1.2923694
1.0665007 -4.3029557
2.9329260 -14.3229742
0.1201416 -0.2250558
0.1386487 -1.5019496
2.2727415 -7.7780707
-0.4401108 2.0739287
-0.5606868 1.5721204
-0.5901631 1.1337566
1.0404619 -2.3690516
1.0859624 -1.4971925
0.2478195 -1.9892990
-0.2944433 -2.2693111
1.9370930 -5.6261669
0.4643979 2.4685713
0.0906696 1.5613932
2.5544151 -10.2788465
1.5674463 -4.9967937
0.8090410 -2.4226693
0.9421554 -2.2384554
-0.4524811 0.3464463
0.6118205 -0.4940303
1.3965187 2.3896518
1.9477935 -6.5945180
2.6534018 -11.3762360
0.3902393 -1.1973187
0.4585970 0.0108066
0.0227387 -1.3987261
0.7371847 -0.1378559
1.9759061 -5.7096841
-0.1672223 -1.0314258
2.2617213 -7.8712921
-0.0694782 0.2830967
1.3798310 -5.0305015
-0.0118827 -0.8019636
2.8412046 -12.9324142
-0.2501560 0.2039788
0.9873552 -0.6986350
1.9160017 -0.8811860
1.2624382 -3.4940329
1.5700108 -2.5783062
1.8419099 -3.6256958
0.0022667 -0.5953311
2.2996553 -8.0843875
-0.6191123 0.6428061
0.2715990 -1.7491057
2.4985438 -8.5605742
2.9311279 -15.3432925
1.2283382 -3.6104249
0.7493433 -1.4294815
2.6182201 -11.3914338
-0.7295889 -1.3446460
0.6142619 -0.4520677
1.3838732 -3.7742928
0.2457762 1.0087736
0.8093957 0.0954261
0.5412841 -0.7984088
1.3720736 -2.2315663
2.7611509 -11.8428122
2.5247518 -8.1383619
-0.1846885 -1.2691710
-0.5799295 -1.8446495
0.8321541 -0.7637781
1.7226305 -5.4316268
-0.2504978 0.0874270
1.3701595 -2.7241076
0.6579579 -4.3626269
0.9858884 -1.6141343
-0.1309759 -0.5839816
2.1022772 -4.6603438
2.4636821 -8.6353380
0.7490257 -1.2832904
-0.5218220 -0.9754333
2.0993954 -6.1720827
0.4400392 -1.0698336
1.9264450 -5.4772712
1.3686531 -0.7534488
-0.6724339 -0.2723015
-0.3868796 0.2045005
1.4918917 -4.9388377
1.7491986 -3.9075096
2.0540308 -7.4158261
0.2674550 -1.0000092
-0.7119604 0.1389261
2.3876426 -6.8283072
1.9855737 -2.8016141
1.9420364 -7.8271407
2.7894205 -10.2933334
1.3674269 -1.5642222
2.3651181 -9.1984823
2.2729400 -7.3136118
0.5181721 -2.5514275
1.9073358 -5.2368654
0.9247590 0.6204648
0.5605387 -2.1832949
-0.5437810 2.9692267
0.9366308 -2.1536488
0.6235935 -2.5914513
2.5905185 -9.0934204
1.5296957 -3.5354170
1.5491361 -1.6511710
0.4181940 -1.5282409
-0.4325016 0.0633141
1.9420096 -3.7283288
1.1851990 -1.3160743
-0.7645124 -0.6668761
2.5896224 -8.7255332
2.2888532 -6.4941819
2.0991125 -5.2102432
-0.5006407 -0.6721493
-0.7398103 0.7146399
1.0956223 -2.9242655
2.4241240 -10.1431665
1.8285920 -4.2728736
1.8581640 -2.0866099
-0.4039055 -1.6327437
0.6073546 -1.7771308
0.1885598 -1.0058219
1.8107916 -6.2236621
1.5594152 -2.7473177
-0.8203894 1.2170408
-0.6496362 0.9816649
2.3995631 -8.0861069
1.6852305 -2.0868348
1.7984828 -2.7203595
0.2182363 -1.1457604
2.7797165 -11.0518818
2.6200192 -7.8473757
2.2962498 -8.6821267
-0.3538847 -0.7991870
-0.5585775 -1.5746550
-0.2250595 0.9609416
-0.5506118 -0.2563044
2.4224174 -9.3763831
2.1081504 -5.9400461
2.5068824 -9.0469244
-0.2926180 1.7875534
-0.2304770 1.6273647
2.9018412 -12.7055043
-0.4207775 0.4834180
2.2056320 -5.3643605
-0.0820703 0.7251327
2.4986810 -7.6784120
-0.9955042 0.1479369
1.4630321 -3.7158503
-0.2306727 1.2930358
-0.4544645 -3.5383205
2.2274382 -7.8209375
2.9884329 -14.0793290
0.4843796 -3.0630524
-0.1081636 1.0600300
1.0083052 0.0718161
2.8985982 -15.1076367
1.7843116 -3.4308086
1.6838065 -4.3861804
1.3305433 -1.3548799
-0.4065284 1.6590447
1.4796306 -2.5392737
0.2981885 -2.4784695
2.9101322 -11.2811854
1.6577410 -3.8267910
1.0671412 -3.6065740
-0.8573011 0.7778711
0.6622973 -1.7123363
0.3515775 2.2051549
-0.5990906 -1.5897710
1.2968574 -4.8401395
2.7428885 -11.9074903
1.9644857 -5.4350074
1.5220944 -1.7938251
1.9496620 -5.9885261
-0.3652789 -0.7019192
1.3406231 -0.6476492
1.2713624 -3.1243177
-0.2304391 0.0882838
-0.2755079 0.1340170
0.5136483 -2.1026543
0.2430593 0.2213625
0.7475842 -4.2375716
0.2893121 -0.1598791
1.5001889 -2.5815040
0.8953799 -2.0805000
0.5808047 -0.1658271
2.1835688 -5.2799196
-0.1309580 0.6156913
-0.9107476 -0.7155473
1.9328497 -5.5412310
2.0537173 -5.7121835
2.9068853 -14.4175359
2.0310683 -5.7814408
0.4432239 -0.4714259
0.4916080 -2.9555290
1.7155344 -3.6401231
2.5102588 -9.2274019
0.7118920 0.7000614
1.6801194 -3.1215329
0.8279693 -1.4528001
-0.6497585 -2.4769125
0.0978095 0.0656973
-0.5841824 -1.3204803
-0.2887830 -3.4394132
1.2291648 -2.1972506
2.9241831 -16.1867506
1.7473769 -2.8475242
0.9657177 -0.2984515
-0.4926890 0.7718588
2.0365379 -6.0383490
1.7883709 -5.2067576
-0.1133657 0.5209803
0.2418029 1.5530086
1.8231301 -4.5045055
2.3250851 -6.4389486
-0.2028393 0.2636405
1.5018133 -2.0726295
2.8713929 -13.0175558
1.8405836 -5.2249361
2.7667432 -10.1646876
2.5500405 -7.7354847
0.7344045 0.5615810
2.9068582 -11.9278499
2.6830401 -10.1989647
0.2521338 1.4656228
0.7471561 -1.6356759
-0.7095466 -2.2233032
2.2807890 -8.2557872
-0.2501901 0.6953514
1.8755730 -3.3887849
-0.4518583 -1.3703369
-0.0315993 0.6052603
-0.6015612 -0.6324057
1.0797003 0.3687013
-0.4936388 0.2146439
1.4507378 0.0176289
0.3751224 -1.9691782
0.6490670 0.3629036
2.5477886 -8.9710454
-0.5843399 0.5674441
2.7317028 -10.2986301
0.2253861 -0.9721156
1.9420290 -3.2100596
-0.0224825 -0.9106495
0.8205672 -1.0084382
0.4274741 -0.5251406
-0.1455725 0.1356952
-0.7225626 1.0387249
2.8899269 -13.5032608
1.1353110 -1.5457444
2.0408673 -6.0966236
1.1483686 -1.4152494
-0.0796584 -1.5599159
-0.6181483 0.9695571
1.7570452 -2.5473625
0.1773629 -0.0774845
-0.9772532 0.2278818
1.9584576 -3.6611296
-0.6777433 0.1987711
1.9574828 -3.2268084
0.6396766 -2.7274418
2.3170460 -9.3710429
2.6195007 -10.9728565
-0.1190351 -1.8231516
1.9030447 -2.9107024
-0.2344729 -1.6143422
2.9629001 -15.0757186
1.2518605 -1.4926103
1.5276326 -1.7444391
1.0913114 -2.4027140
-0.5765894 -2.9880863
2.2476102 -8.6603095
1.6417716 -2.7912084
-0.3824534 0.7350137
-0.4016712 -0.4597390
0.2378951 1.7469357
-0.4247239 3.6592956
0.1441012 -1.9138560
0.5851598 -0.2068501
-0.6212534 -0.5937106
1.0729329 -4.0228920
-0.0051771 1.7710255
-0.4151518 0.3337101
2.4421573 -7.4428555
0.1086573 1.0235676
1.1251130 -2.8130812
1.0821715 -1.7207308
1.1793470 -1.1593881
1.7034264 -5.0130571
2.7585726 -9.3044212
2.4818835 -8.3167123
1.3751726 -2.5004643
-0.9606950 0.1693223
2.0687782 -6.8734752
2.0964287 -5.7449911
2.7323710 -11.7411454
2.4380261 -7.0970993
0.6010623 -2.8040701
1.3990015 -4.6250760
0.1144952 -1.6328264
-0.9661215 1.1810089
2.4848163 -5.8308315
0.7487091 1.7471325
2.8507620 -13.5600665
1.9960628 -3.2223661
2.3172485 -6.8108687
2.5545893 -10.0434291
2.7942478 -11.8622178
0.6571808 0.9938192
0.2624280 -1.4663656
1.8358464 -3.5013577
-0.5190560 -2.1765504
-0.2704637 1.1043670
-0.4110424 0.4265475
0.4797353 -1.4701146
1.7543202 -4.3342252
-0.7580337 0.7321563
1.8477526 -5.3377362
0.5092718 -0.8761667
1.9114836 -4.8408329
-0.3082459 -1.3645721
2.4541324 -8.9539996
-0.7481545 0.9004650
0.2735845 -1.4862027
-0.3624952 1.2557836
1.8459070 -5.5407658
2.7998787 -11.0635617
1.8599002 -5.8556435
1.1267803 -1.6257254
0.4360278 1.2900044
1.1272920 -2.6406227
0.0811982 1.0498160
1.7534732 -2.5740986
-0.4680718 0.4024383
-0.7070605 0.4052956
2.0554751 -4.3410916
0.9031770 -2.4372816
0.4652735 0.9769085
-0.8012553 0.2694420
-0.6134714 0.9858073
1.6302356 -3.3843949
-0.0155740 1.3321642
1.6952641 -3.1421989
1.0514320 0.2902089
-0.6256213 0.1115087
1.1507292 -1.6600335
1.4853279 -1.7786477
-0.9740351 -0.7923668
1.9725813 -6.2984834
0.5688321 -1.5002210
1.2060174 0.3581654
0.5542726 0.6326217
1.7612082 -1.7435344
1.6168222 -0.4249543
1.8530767 -4.1625701
0.1405039 -1.9266862
1.9777088 -3.9524320
2.0036489 -4.2310142
1.5769540 -4.0555660
0.4687081 -0.4024074
-0.6295348 -1.3791125
1.9400527 -3.6986301
1.1813323 -3.2737280
-0.2508919 0.6791410
1.0910956 -1.6317428
2.4111114 -8.4329184
2.6635042 -8.0194394
0.8462190 -1.3448497
1.0257476 -1.4329106
-0.1932669 -0.2033291
0.4623214 0.0588938
-0.9026853 -0.1993341
2.3366976 -7.6313459
1.5465869 -2.3180730
-0.7473230 1.3359715
1.7614952 -2.6313604
-0.6366212 -3.0103947
2.9044032 -15.0131414
-0.8555826 0.8212067
0.0630540 1.9428659
-0.8824192 2.1503924
1.2459140 -2.5635783
1.1719168 -2.2000530
0.3730133 2.7985245
-0.5656854 -0.3898264
-0.3848764 0.9804424
0.9001776 -3.4344906
0.5404043 -0.4983008
2.8452650 -15.1130535
1.7357570 -4.6044148
1.3373252 -4.2028751
0.4707647 -1.5225470
0.7285073 -0.7096341
-0.6074180 -2.0973520
2.5324278 -12.5225058
-0.1399996 -2.0912415
-0.2701195 -0.9189308
-0.6747616 -1.2349746
-0.1685566 -0.9001565
2.6412203 -10.2218035
1.6918389 -3.4472995
2.3335745 -5.8678651
1.8069434 -3.4426366
-0.4170003 -1.0356392
0.0704070 -1.1026042
-0.7420986 0.2235320
-0.7983057 -1.2312850
2.8584371 -14.0506836
1.7251420 -2.3850678
-0.3459254 1.5911819
0.5139464 -0.0179100
-0.4727245 0.8373549
-0.3191248 -0.1894015
1.5229318 -2.1569927
-0.0670068 0.0775516
1.3283873 -1.8798673
2.6015120 -10.4151511
1.8784731 -3.3051970
2.3618278 -9.3051076
0.0412187 0.4528269
0.1014483 -0.5971257
-0.8382320 0.5238906
0.2346026 -1.4548678
2.8070667 -10.9443679
0.8544357 -3.2134260
0.0290598 -2.0302317
1.8144153 -3.8186985
1.0737989 -4.1695998
2.8033700 -13.0618299
2.8829211 -10.8653213
2.8148800 -14.4109104
2.8933052 -13.1925817
0.8534852 0.3154412
2.8375924 -13.0310344
1.8922615 -3.2158285
2.5174399 -8.4910682
-0.7405120 0.2179252
1.4165012 -1.0663946
2.5398678 -12.2253264
0.2737218 -1.4642050
1.3351322 1.1061957
2.9316274 -14.6143118
2.6015924 -9.3659303
0.8133048 -2.3528562
2.0299732 -4.6240035
-0.6804850 -0.0195595
-0.3737616 -2.2486328
-0.9569411 1.9412665
1.2734810 -5.6847537
0.6860501 -2.8178968
-0.1799602 1.0715712
-0.0168604 0.2320429
2.5186643 -9.8301710
2.3063051 -8.3348448
2.3115084 -6.7694328
1.7633526 -3.4827264
1.5728366 -4.8542026
-0.7003803 -0.2251786
2.3814209 -9.9641157
0.4867889 -0.8581371
2.4102660 -8.3731593
2.4869154 -7.6047013
1.6046825 -5.1330537
2.3887453 -9.4310073
0.1287047 -0.9898820
0.7913015 -1.5356036
0.5304146 -2.8206708
2.3029783 -5.3522544
0.9100792 -0.5116039
2.2189737 -7.2420583
2.2359148 -5.8995678
-0.8263477 -0.6350799
2.1786494 -6.3927040
2.4373666 -6.1651111
1.4053891 -4.9614331
0.8165042 1.1027839
-0.7830462 2.0255439
0.3536323 -3.0046870
1.4900849 -3.9609008
1.3669744 -0.8902880
1.2708526 -0.4300453
1.3425268 -1.9473591
-0.6289907 0.3868399
-0.2380238 1.0736970
0.2933402 -0.5254163
0.4812104 -3.1857680
0.8872150 -2.7643453
0.5316606 0.3320773
-0.0308643 1.4816177
1.3186614 -2.3001941
-0.6684197 0.7915211
1.3427879 -3.2971344
2.5205699 -8.6279197
2.5822258 -9.6135352
1.3010589 -1.0544133
1.9667588 -6.9906412
-0.8651584 -2.4915254
0.6510379 0.9107571
1.7046871 -2.8990430
1.7626637 -2.5994000
2.7423293 -10.6414435
2.0788311 -7.1280351
-0.1277565 -0.2207380
2.8137898 -11.3897741
-0.1102943 -0.6007264
2.1075205 -2.8548396
1.3553249 -2.9289515
-0.7794746 1.3090799
2.9036161 -12.5744947
1.6162065 -4.3142105
2.2614184 -5.9215586
1.6313417 -2.0800574
2.8456014 -14.2820676
0.1085155 -0.4887416
1.6038884 -1.8575829
-0.3170506 -0.6621458
1.0671564 -4.3594512
1.2423494 1.9669868
-0.6282248 -0.5817941
-0.6947051 0.2257925
2.5377523 -11.0365709
-0.3196138 0.0029761
2.9190554 -11.4111005
0.6071914 0.3457280
2.0789584 -6.2362504
0.2244888 -1.4621235
-0.7100905 1.5066343
0.1007481 -3.1686831
1.6324552 -4.2836782
2.0230795 -5.2458978
-0.3363173 1.8167821
0.6589533 -1.1406771
1.2311096 -1.4607847
2.5274532 -8.6105329
0.4434338 -0.5980928
-0.6467834 3.3053888
1.6370333 -2.0124616
0.4671478 -0.9379762
1.3080929 -2.7695839
2.5964711 -8.6688721
-0.3824332 -0.7134086
2.6670199 -9.2798140
-0.6518982 -0.8367741
1.4860723 -2.7811972
1.0851273 -3.3791171
-0.0924629 0.8082363
2.7137234 -12.7318071
0.4543020 -0.5581955
2.1543461 -6.8539542
1.5008759 -4.4460865
1.1795703 -1.8708246
2.7428667 -9.2712329
0.0107730 -0.4730016
2.3106198 -8.7563196
2.0282614 -6.5529676
0.6914558 -1.2400138
1.8883736 -5.5263885
2.0145807 -7.1121175
0.8146204 -0.9143872
2.7845229 -13.0788806
2.2746406 -6.4680155
0.7228117 -0.7553446
-0.9502035 -0.0734720
1.4891996 -3.4614372
1.7922765 -1.9479504
0.2546668 -1.4827447
2.8479309 -15.5229779
0.3867696 -3.4194888
2.8505725 -11.2022964
1.1433087 0.0659004
1.5935872 -3.4687025
2.5786825 -9.3344913
2.6658204 -10.4768437
2.9392744 -15.5556774
-0.2825157 -1.1760184
0.7795359 -1.3105590
0.7516781 -1.9720389
0.5311731 -3.2315031
0.2396573 0.3029359
0.1575091 1.8252020
-0.6047846 -1.4537979
0.4285905 -1.9336018
1.0531296 0.6238955
0.7203817 -1.0438146
1.1063198 -1.5996308
-0.3490334 -0.3699811
2.7925610 -11.5502635
2.2297172 -8.5309302
-0.9987307 0.3578111
1.1403757 -1.5952616
-0.3205547 -1.4925035
0.9064562 -2.2081278
-0.6531241 1.0679185
0.5034163 -0.9358272
0.7158782 0.0568096
0.6223197 0.8067899
1.5929108 -3.4289738
1.0766528 -1.7541242
2.6659620 -10.4074847
-0.0169066 1.1669778
1.8005982 -4.0439374
-0.9140050 -0.2171864
0.4082300 1.0189090
1.8524138 -7.6582508
-0.0372943 -0.8018384
1.8368645 -6.8633241
2.0972933 -3.7095750
1.1171549 -3.8881762
0.6436257 -0.4993820
-0.3828428 2.4116463
0.5613181 -1.8745378
-0.7283506 1.3119518
2.2260781 -6.0754954
0.7131969 -2.6716041
1.3304308 -2.2475524
0.1944475 1.7701037
1.3948033 -1.6342344
-0.0080364 -2.3996343
2.6955640 -13.2331040
1.9636057 -4.3365681
2.1779768 -7.0710220
-0.2122069 0.8368576
2.5355819 -8.9710580
1.6047622 -1.8884364
0.3034144 -1.4644229
0.1100856 -4.3533021
-0.6074543 0.7912840
2.9575466 -14.1515682
1.5026309 -1.1396400
2.8438089 -12.0694242
1.6734488 -4.0061086
1.8886290 -3.5351480
2.8045660 -12.2482385
2.6107512 -9.7882697
-0.6247014 -1.0789251
0.6049149 -0.2342608
0.4941106 -0.1121740
1.1851875 -4.2492915
0.9151612 -0.2610000
0.9575776 -0.5998920
0.5732841 -0.3567842
0.7401283 1.0066769
-0.1680286 0.3706823
1.6752405 -4.5630438
1.8260917 -4.9753447
2.2691888 -8.0337372
2.5132196 -7.9867891
2.8365388 -14.7346804
-0.1345608 -0.7257385
-0.3676755 0.0850592
1.7706387 -5.1571641
1.2658563 -1.2024244
1.8098150 -3.4745654
1.2246877 -0.1787543
0.1638459 1.3581311
2.5835564 -9.5728970
2.4874017 -5.3269141
2.3284749 -6.8581463
0.2699889 0.1182049
-0.1626712 1.3433087
1.4311538 -3.7047314
-0.8472636 -0.2630400
1.1611589 -2.3081315
-0.9587988 -1.1194308
-0.7520503 0.6914114
0.4993228 -1.1302621
-0.2229943 2.5354691
2.5082969 -11.4555685
1.0257777 -1.5128574
1.6541651 -2.6410762
-0.8069322 -1.1889438
0.0179485 -1.1998230
-0.8776724 0.7739368
0.0838858 -1.1590744
2.1970872 -7.2685245
0.9477607 2.5375175
1.9061213 -4.3002502
-0.9552721 -0.5581765
2.4255479 -5.5019504
1.0994598 -0.9843134
0.5073905 -0.4307221
2.1244094 -7.4407419
1.8166971 -4.1072240
1.4329700 -1.7319797
0.8730372 -0.7122039
2.3302331 -6.9543351
2.1156899 -7.6908910
0.8954920 0.5332824
0.8306056 0.1213881
2.5632303 -7.5215690
2.9094696 -13.8758349
0.6753558 -0.9670100
1.3181695 -0.8641285
0.1406055 -0.3769766
1.5114586 -3.7613816
-0.3146934 -1.2782420
2.7194133 -12.3606163
2.2406306 -5.9413244
0.6036539 1.3188602
-0.6488596 2.6571628
1.7875664 -5.1173531
2.0793062 -5.6739525
2.3228257 -5.3274053
-0.7812254 -0.1084970
2.7484815 -13.5236691
-0.9080968 -0.8606386
-0.6153371 0.6175273
2.9204951 -15.2046789
1.8361387 -1.0734583
0.8433605 -1.3196829
-0.1927696 -2.7298962
-0.1722278 -0.7086387
2.5493227 -10.0668578
2.6849945 -9.2860184
-0.0626454 -1.4199838
1.0993486 1.2439097
0.1655060 -4.3293423
2.2011626 -7.7430360
1.0667886 -1.9791928
2.4134899 -7.2959061
2.9537076 -15.4160440
0.3820111 0.4311357
1.0700995 -1.2687070
2.1913431 -6.7043556
0.4664822 -2.9584545
0.4089862 -1.7886504
0.7905021 -3.5280872
1.1586108 -2.6349825
0.2402543 0.2366934
2.0493675 -6.2934404
1.6804342 -3.5947718
0.5106780 -1.5822598
2.5927938 -8.6471212
-0.6784846 0.7371435
-0.4156094 0.8430971
0.9136844 -0.3689510
1.2757305 -1.2876447
1.1607652 -0.8543067
0.3140981 0.1136441
0.1536744 -1.0923282
2.9410902 -14.6909429
-0.2407893 -0.4605065
-0.3947444 0.6391455
