13.9683717 -2.4649858
67.2326819 -1.2585806
6.1617231 -3.0689364
93.8233538 -1.0947724
22.1004495 -1.9650568
52.5891828 -1.4427845
64.1564629 -1.2546235
96.9192430 -1.1180811
68.0584725 -1.4756062
23.4448445 -2.0026099
76.8422770 -1.1469215
63.5909263 -1.1378228
99.6259258 -1.0102782
95.0529729 -1.1956847
75.7106810 -1.1971187
42.8583522 -1.4752771
32.8267204 -1.9256433
52.2559725 -1.4280132
11.6809183 -2.5511183
40.3944649 -1.8516066
77.2300531 -1.2722639
49.4831169 -1.6139569
31.3900240 -1.8969656
51.1578078 -1.5837913
64.8028072 -1.3040519
79.8718926 -1.0604839
54.5960283 -1.4343100
76.3660486 -1.3159707
6.0266980 -3.2285745
44.5767386 -1.5531319
1.2308721 -4.4200556
48.1365171 -1.5692248
96.8785268 -1.1650815
49.2229251 -1.2138408
76.2342914 -1.1625106
31.4803332 -1.9804711
69.0530924 -1.5477628
80.3814702 -1.2821748
91.3131452 -1.1591196
36.6595375 -1.5954052
59.6399472 -1.4096333
87.1876138 -1.2717547
85.9529909 -1.1706336
75.0602410 -1.2922236
8.9287213 -2.8360102
41.9368204 -1.7141210
31.4897725 -1.9455661
14.3918811 -2.1623636
22.5655574 -2.2520876
85.8194824 -1.1703784
97.1548411 -1.1195413
66.3793599 -1.0471470
88.9822882 -1.0324208
39.6019809 -1.6703981
72.9781726 -1.2288431
50.1820160 -1.6420538
75.3810733 -1.2219551
92.2511033 -0.9708030
80.6447952 -1.1688039
39.4061500 -1.7901055
64.9225489 -1.4884446
11.0363154 -2.5292398
47.9977200 -1.5711091
82.7003883 -1.2392833
37.4186557 -1.7605353
90.2072405 -0.9204165
94.2742392 -1.0667565
42.9733976 -1.5024864
85.9366947 -0.9899128
1.2673517 -4.1967731
85.0719448 -0.9397730
3.4251676 -3.4308773
51.4742477 -1.6149954
26.1258647 -1.9381749
71.1623207 -1.1277819
18.8078162 -2.2032087
74.6400100 -1.3349839
52.5434321 -1.4780472
37.1273896 -1.8309573
1.0789781 -4.2832725
18.2397358 -2.3081820
76.6490321 -1.2259251
38.0645897 -1.8215923
65.0919116 -1.3231920
62.4790943 -1.2146327
52.0859361 -1.7074478
65.4222107 -1.1915866
49.9859131 -1.6027022
40.1723045 -1.6576457
76.2311912 -1.1354076
7.2978425 -2.7281117
85.1933384 -0.9944817
56.7043614 -1.4886579
14.0900034 -2.5118185
82.1066825 -1.1637890
78.9181753 -1.2418754
25.7763791 -1.9623830
60.9649133 -1.3547130
8.6328290 -2.5818334
39.6246879 -1.7174111
