1.8736516 2.9003748
-0.4467133 1.3631245
0.7262890 5.3754798
0.5619797 4.0898745
2.0564934 9.2476185
-0.5544170 1.7101145
0.3805584 2.7181999
1.0205241 5.9126953
0.2184034 3.0112682
1.1710058 5.0071564
2.6211243 6.7629613
1.7543332 0.5843583
1.7786460 5.8363388
-0.7698518 2.7058170
-0.5261747 6.6189458
-0.1752331 5.2099243
-0.0482210 6.4288397
1.8995254 4.5893463
1.6894308 3.9869439
0.6616051 3.6785581
2.5680689 11.5165272
-0.7143839 3.4968783
2.7774256 8.7283258
2.9456689 8.0974589
0.3896508 4.2491687
0.5456346 4.8113942
1.7961484 6.0573626
-0.8658064 3.4330446
-0.9143286 3.7024443
2.2886502 10.0600405
0.5769774 6.8357954
-0.5896876 2.2016891
1.7787204 4.6497750
0.6201553 4.6253318
0.4170696 3.6951388
1.5221415 7.8927897
-0.6716383 2.6499804
1.2373671 6.0885885
0.1069224 4.2995089
2.6519421 8.0338375
0.7514566 5.3726002
2.4350262 5.0977740
1.4462669 5.7502873
2.5803061 5.2483400
1.8834075 5.3553850
1.6579305 8.2831356
-0.9663277 5.3645177
1.7022444 7.4529010
1.5897002 4.5351838
2.7882837 10.6311424
1.3214760 5.2478602
1.8588937 5.3436277
1.8912095 3.8853610
-0.0137998 3.4483631
0.6533060 5.5281615
0.5409906 4.8827296
0.2298342 3.0065164
0.4086406 2.7421834
0.4051306 2.9723887
1.5181199 5.0395926
0.4164167 3.9135632
-0.5883901 2.5637162
2.2535287 6.5074367
0.1923351 4.1347739
0.3009865 5.7570908
1.6556661 6.4871617
-0.7832323 3.9514825
2.7787703 7.3777513
2.3400180 7.2520607
1.5938700 7.1575003
2.6913123 7.1081571
0.5080545 3.7374880
1.1935752 3.9543943
1.4027019 5.0751156
0.7891197 3.4690584
0.1049909 3.2507892
2.1297940 9.5115354
2.5710022 10.5617532
-0.2648776 5.6175110
-0.2494243 2.9730604
0.6442184 8.0810011
2.9657652 7.8489450
-0.2047045 2.6543304
0.5923477 4.2054731
0.9057504 1.6003980
1.1032454 2.3780359
2.2097416 10.5277944
2.3067900 7.3612591
-0.2021540 4.8098578
-0.6503460 7.4395879
1.7383283 3.5741955
0.9258357 5.1759011
1.6704420 3.9962296
1.6331072 4.3922337
2.1539323 6.9978353
0.8902823 6.3418516
1.0905505 4.7036198
0.3660037 3.2169849
-0.3663498 4.4918830
-0.7197142 4.3021374
-0.9950741 3.5964412
2.4539687 5.1020753
-0.1533069 4.1004858
2.1565559 5.4615189
1.2166045 6.0375471
0.4246862 3.2156711
0.8397526 6.1966170
1.2138662 7.4854219
1.0959421 5.4925723
1.5317195 6.8886606
-0.7736846 4.5766513
0.7741648 2.8916744
0.2125538 3.6441913
-0.8224502 4.2167610
2.1992383 7.1301606
0.9113099 3.1498424
0.8346111 3.3485799
1.9384390 5.9008157
1.2086085 6.0681604
2.8883688 8.6789369
2.1885805 7.5539063
1.6741902 9.6179700
0.7818378 6.3149971
-0.9549141 3.9029556
0.3425174 4.6325736
1.5383227 6.4409703
1.0115984 5.1521788
-0.7742524 2.8228336
1.9657214 4.4322343
0.1068980 1.9114637
2.3347670 7.5166467
2.0523703 3.3096063
0.5995998 3.3701360
-0.6307452 5.6303606
-0.5289325 4.6010128
0.8231505 6.4697695
2.1837615 9.2408072
-0.5309510 5.0186266
1.1675188 5.6458494
1.2482403 8.5871773
1.1499992 3.9040723
2.7349345 8.3415461
-0.7293120 3.6496842
2.2613941 5.6584371
1.4776942 6.2080586
2.8543906 10.5921240
1.0347512 5.3978108
2.2447475 8.3895582
-0.6976686 2.9762430
2.5194704 6.4569460
2.2993811 9.1236080
1.7757306 7.5992489
0.0070539 2.8607257
2.7997454 6.6950166
-0.7399245 5.6415861
-0.5782339 6.7775529
-0.2313015 7.5643296
0.9039585 7.0623422
1.2540992 1.8667298
0.9887669 2.5240323
1.0449538 5.7769746
0.1190530 3.5715982
1.6437152 4.7358817
0.7496339 5.4517015
2.3800649 4.6570613
2.5657659 9.9020846
2.9291660 12.6932830
-0.6879507 2.2137376
2.9186629 10.1796128
0.1122669 4.3981191
0.8682532 4.5393639
2.3079476 4.8121211
1.0090556 4.5346377
2.9391885 8.4447682
2.8013630 8.3908107
2.9050431 10.1581434
1.5357434 4.9130517
-0.2514968 5.6639165
1.9644078 7.5892913
-0.2126926 5.0413983
0.4862590 2.2796343
1.5700642 4.6338524
1.7238725 5.1080700
-0.0217791 2.8380483
0.3641329 4.7615552
0.0534449 2.6195035
0.7483897 7.0550930
2.8857284 9.4495652
-0.7931553 4.0767313
1.0888798 3.3595474
1.7991621 7.6768024
-0.3054881 2.1694772
2.4740957 7.8443312
-0.4393673 1.9885837
0.8209705 1.0286508
0.3672536 1.0583864
2.5782875 9.7084958
1.7995163 6.5947531
-0.9693657 2.2796817
0.1595503 4.2761788
2.2851956 7.4064075
2.2897550 3.8529676
1.4068353 4.2636379
2.2132751 5.5859998
0.3366718 4.8061358
0.1148481 3.8604436
0.0060871 2.0822205
1.7539289 7.1681426
1.0520191 1.3876234
-0.7579760 2.9084044
2.3368515 8.1668150
2.5158372 7.9645404
2.1774915 7.0244973
1.5377852 3.9468847
-0.0479566 4.7263119
1.2690836 4.7928210
0.8377943 6.5197237
2.4975102 6.5729929
0.7376523 2.3702336
2.2219974 7.0272791
0.9145632 5.3862616
2.3704351 7.5698477
2.3128333 10.3326923
0.3354075 6.3048821
-0.0881255 6.0971311
0.6136920 6.5508810
2.0001523 5.1557866
2.2402975 4.9601895
1.2493464 5.5551787
2.0930606 6.5409204
0.5850984 3.4235438
-0.5753875 0.8159761
1.1473014 4.9070635
-0.9575993 3.3783048
-0.1485083 2.8215602
0.5278746 4.2503566
1.5412031 4.9261259
2.8437736 9.0300230
-0.2296165 5.6440954
0.0103480 1.5323467
2.8673260 10.2675250
1.9371454 7.5482611
1.7082998 4.5356094
0.0507154 2.0981084
-0.5921151 2.9070576
-0.5217712 7.5803009
0.4660951 4.3178203
-0.5484971 3.4616367
0.8695919 4.4696618
0.2160816 1.3460278
0.3238387 3.2260863
-0.1252173 4.5108073
0.7242891 4.5574630
1.7415475 4.9519230
2.7801255 8.0596070
0.1226720 6.5974130
-0.6562999 4.3019037
-0.0074678 4.5732398
2.0418594 4.3631710
1.9239445 6.3066176
1.6340370 3.7468790
-0.3857911 4.0891608
-0.9589386 0.9974027
-0.1062331 4.2609987
2.6803005 6.7759062
2.1991968 4.4050063
-0.2559926 4.4316430
0.9370906 5.4684594
-0.6298397 3.3161411
-0.4509524 5.6742052
2.3451761 5.8057389
2.6301712 8.1345335
1.5473519 3.4939280
0.2970826 3.2338414
1.8467933 4.5989158
0.6609778 7.6194160
2.1470002 4.9305996
2.1161578 3.8003035
1.3999128 9.5297203
-0.3127901 3.7043132
-0.2953430 6.8637382
2.5582206 8.1781927
1.2782575 6.5984394
0.4503718 3.6401509
-0.8961246 4.0178803
2.1290068 8.3982589
-0.5690078 3.2096691
2.8537301 9.6869798
0.4026540 3.5736615
2.0984207 5.9196493
2.0933356 9.5022193
-0.4127668 1.8754136
-0.9111991 4.6821318
0.3247601 3.3727898
0.7070791 2.9695676
-0.8290326 1.7695514
0.5235151 5.3509305
1.7458931 7.4065318
2.8468521 8.5642556
1.8908875 5.8048534
2.0722775 7.0397235
0.5985744 1.3936831
0.6261449 2.4985572
-0.8523015 5.4979546
1.2813502 4.1575946
0.4764620 6.4546506
2.2533536 8.7149519
-0.4918717 4.8414093
0.7866410 6.2341127
-0.2722302 2.7666780
0.1033538 1.7373869
2.2901162 8.0222119
1.0488272 3.6151442
0.5561549 4.9302839
0.3956190 2.5566016
-0.2574036 0.8474888
1.2289593 3.4663385
0.1709529 2.5242881
2.2507567 7.9998084
-0.0861949 1.2833107
1.2837566 1.1076592
0.9899885 4.9996510
2.1927227 6.1474149
0.2209477 2.0245698
0.0353257 4.1163281
2.8448922 7.6313004
0.9096978 8.4800371
1.9871801 2.8884906
0.6945697 4.7104560
0.5831324 3.7791242
0.8957159 4.9797474
2.8384792 9.0712179
2.1712059 6.0572011
-0.9591482 5.5231375
1.1042363 3.6260795
1.0737031 6.5785853
-0.4705148 1.7866263
-0.5478071 3.9440495
2.0107360 8.4532116
1.7819973 7.1517691
-0.7792363 3.5280447
1.1748651 4.5882562
2.9872460 11.3689573
1.0959198 6.9252284
1.2833868 0.6457067
1.0311489 3.1508108
1.9586196 3.8902312
-0.3710109 4.4999253
1.7090288 5.1170410
0.4737439 5.4405173
2.8854319 11.9934023
1.8813384 5.8933901
-0.8540834 4.4322438
2.6172093 7.3268478
0.3248824 7.2679611
2.9236481 11.4448036
-0.4167765 6.1125145
2.9830472 11.5699073
-0.6052381 2.6556181
1.0260502 6.0683073
1.6188077 6.5500397
-0.8691512 6.1947566
0.9325577 4.7526092
0.9735567 4.4185632
-0.2801697 3.8487156
2.4987014 8.7739811
0.2590261 3.5814534
1.4474627 7.3827953
1.3224935 6.8253524
1.0086131 5.5218826
1.2798518 5.1998837
-0.8263587 4.4426569
-0.4208601 3.9802244
-0.1614428 5.0071872
1.8829755 5.6423013
1.2106499 3.4792174
-0.1993771 4.8958943
-0.1475478 4.1243245
-0.6288760 4.4547854
0.8138271 6.6511837
0.4547931 4.9417511
0.3019532 6.0344951
2.6043296 7.7282406
0.0615115 2.0411910
2.6947557 6.2889854
1.9123266 9.3947058
0.6275284 3.1771314
1.9131125 6.0636961
-0.1633211 5.3847104
1.7792623 5.1539181
2.0170948 7.5177177
1.4329178 5.4429588
2.1861387 5.0108741
0.5462910 5.6442336
0.9857143 6.2781164
-0.1446217 7.2114681
0.1683170 1.8974924
0.8394997 5.6493777
0.9666331 7.1113052
2.7733563 7.9076556
2.4118424 5.4466810
-0.5520011 3.9019228
1.7426416 4.2564326
-0.4514704 2.8039133
-0.3371785 4.6867684
0.6649685 5.1255866
0.2921147 5.2169631
2.6042877 6.5449026
0.5377210 2.4632802
2.9510852 11.2228014
-0.6792448 2.4296349
2.3946792 8.2906271
1.2820863 6.2969788
-0.4904102 1.0036263
-0.3164069 6.8669473
1.2989061 5.3044527
0.9327850 1.8644044
1.9060744 9.0298227
1.4855242 3.9338786
0.9901831 5.5044358
0.2865587 3.4943023
0.6597107 8.7038744
0.9605446 0.7382790
0.6414785 4.9546202
0.1470096 3.8594726
-0.9702586 7.1625069
1.5802571 5.7372175
1.6235056 4.6143429
0.8619034 4.9508023
0.4438055 6.2258417
0.2613680 1.3675356
1.1044814 8.1541548
1.0439276 3.9766592
2.7382202 9.1224628
2.9860109 10.9168297
2.2925246 8.9662760
2.5532038 9.7409270
-0.1777604 4.9596352
1.9893821 6.3159838
1.8158605 5.2014233
0.7083025 4.3898882
2.5483888 8.4590336
-0.9480600 2.7711414
0.8467017 4.7146230
-0.0149986 2.8887380
-0.8333765 5.4650009
0.8081287 2.0744557
2.3711610 7.8318539
1.3919234 5.1038639
1.1832525 6.4626396
2.3799400 7.9511174
-0.6069008 1.4303285
0.1796934 5.9846490
2.1372137 4.3359238
1.0250848 5.3233304
0.0478658 4.8595808
1.1955927 7.4920002
0.3001233 2.9910675
0.2544076 7.0461766
-0.2217628 3.3516653
-0.8836282 3.5572439
2.8979987 9.1077792
-0.8602413 3.8816788
2.4214359 7.9875392
1.4998385 7.5398262
0.8642692 3.4110345
1.5660344 5.3470138
2.9924851 7.8967433
2.7495184 7.4723829
-0.9331742 3.1764328
1.6434267 6.9622016
1.1486513 5.3510957
1.1092054 3.6125761
0.9723773 1.2774148
0.3690472 1.6690626
2.8040167 9.6062206
0.3838601 5.0185544
-0.0960850 4.2997680
1.3136979 5.4719299
0.9762008 4.0549137
-0.5419552 2.9122783
0.1106161 4.9616008
0.5329151 2.2504121
2.1413484 7.7976039
0.9311492 5.0897730
2.0107173 4.8070410
2.6233281 10.3968639
2.7019228 9.3189023
1.9740830 8.5538045
0.9883039 6.6068015
-0.4441992 4.0067696
0.9971161 4.9507007
0.7185513 2.7655995
2.6212823 7.8381551
0.8000644 4.1258988
-0.0709993 3.0732299
0.2761239 6.2900580
2.5313909 8.2920666
-0.4702028 2.9518800
0.3345402 1.4530704
