29.3040874 -458.1652391
4.8503409 -24.4625268
-10.3693572 -58.1598550
-4.8753305 -27.3709713
15.3462808 -164.4263489
31.3901388 -540.4777589
-33.7401502 -492.2158491
20.3692574 -215.9947585
39.5071070 -693.4409184
-5.9724852 -30.5773756
5.2715873 -90.1907269
1.5968403 27.1790920
-35.9106151 -531.8442969
10.4591892 -23.0485052
10.0833541 0.9889890
16.0451646 -208.2616039
-16.0897103 -36.4544628
-22.4572182 -156.9048305
-4.0128376 -18.5483243
20.5131480 -232.9347779
22.6748726 -326.9988204
27.2011791 -343.7370796
-32.4128757 -369.9770862
-13.0625035 -39.5562123
26.8939106 -424.6262776
6.8483491 -43.0468718
-39.3491561 -636.7904262
6.5744235 85.2105555
16.1003078 -245.2500870
17.3858876 -93.8071970
21.6741660 -269.4630026
-18.2649030 -62.6905169
-30.2883875 -268.2880326
2.0215186 -37.2957798
-13.1084344 -132.1503876
-18.0007175 -147.8679597
24.8957015 -290.9265797
5.6411977 57.3268614
-28.4216084 -235.5430533
21.9268822 -293.0456865
1.2283001 29.4702129
-35.6348197 -496.0725644
-10.2793804 -80.1900302
-15.4256360 -12.4066129
16.7953298 -95.1501993
-13.0078146 9.4511142
-28.2960006 -262.6908215
-14.7911669 -141.6971760
15.5520583 -109.3690949
35.1278620 -753.5648670
-28.6084126 -287.1696636
14.6794238 -109.5525095
-13.5198687 33.1643079
-14.2310600 -60.1828825
-7.8164557 57.3736808
-13.3307119 -102.2280925
15.3355129 -37.9402663
29.5562880 -501.4902344
-15.0348188 -37.6524231
10.5488406 -60.3925926
37.0403318 -722.1740932
-35.7875429 -538.3262099
11.1970386 -23.8648133
30.8215480 -448.6185264
21.3060287 -251.7320535
-28.8752647 -400.2171252
-19.7538433 -72.1283328
-28.6828708 -433.9274576
-34.0602858 -473.9155924
-21.2548454 -173.4355142
21.9335091 -312.9049235
30.1233736 -560.7960993
-28.2934449 -346.1775973
6.8551705 41.7698304
36.9683779 -659.1988283
-38.7092600 -576.8567639
-31.6630375 -427.9824499
-30.5339470 -324.1260278
24.2371019 -327.6726657
-9.4893309 -60.0139973
30.2128797 -494.1067484
-13.8223538 -47.0189698
28.4393747 -381.6264583
39.9596994 -839.8905125
7.7021222 15.0940498
-28.2038042 -325.9827529
27.0832899 -374.3667675
-1.5481531 46.8274389
35.8363447 -663.1684745
6.7506260 36.6780970
-14.4089734 -40.6020240
-24.6559116 -158.5626583
-4.1562147 -33.7558785
-35.7284841 -505.9518892
14.5660856 -91.6110331
0.1578195 -73.3300223
6.8419682 -26.5406050
26.2997597 -408.7608823
0.7423550 16.2111210
6.1121931 -89.6218968
-2.5193873 92.3430427
29.6849205 -473.1776368
-11.3715639 -1.6709433
2.5242702 -112.3551219
5.9152366 9.6034481
14.7669465 -104.4994098
23.7891299 -283.1887023
5.6874395 -21.4563089
-14.8988568 -96.0821173
3.8901961 -60.2814859
20.3608725 -229.6599569
-27.1961671 -281.4333138
28.3352944 -445.0298503
-16.1362334 -51.4196594
-3.5522105 15.6698463
29.3740428 -463.9055633
-28.6569308 -361.8138704
37.3850526 -635.8482308
10.6853643 -84.2615256
-23.8671060 -192.7492196
-7.9956519 1.2397416
35.4211814 -687.0582723
-35.7499187 -524.3961043
-31.7140608 -487.4974296
-36.0649078 -535.9717829
23.7021997 -287.2912322
19.5639415 -147.4538880
-15.6713408 -67.5960050
-37.4681863 -582.9578604
5.7995767 -15.8225876
11.4687693 -71.6230478
-0.5385897 -75.9693408
23.1868880 -319.6784986
8.3436617 -17.9155964
-29.7542451 -301.9057848
11.0236072 -103.8468469
37.3704533 -647.0269159
11.6674463 -73.2439842
34.0887132 -587.0796603
18.7093568 -126.1132653
-11.9420478 -43.8614437
30.5225817 -568.9251813
-1.9902134 38.3396653
-18.8756155 -156.3210263
-31.5886803 -384.8975913
-0.6776414 5.0078605
39.5929387 -832.4788052
-2.9620277 -51.0030106
17.4273495 -116.4479379
-2.3723618 9.9263370
14.0304874 -169.1009257
26.8359663 -304.4261321
-34.7103947 -428.5812915
14.3115927 -133.4516454
23.9209505 -366.4676585
-29.9596381 -272.8556589
20.7223309 -266.8537729
-33.5177478 -466.1688505
33.3125147 -604.3622234
21.0455528 -245.4725520
28.9054215 -420.1933724
6.6400512 -81.5869768
0.9087773 -35.3257776
31.0358211 -506.4245386
39.1813418 -913.6088497
-27.7006046 -300.3422621
5.4867227 -47.0085440
-27.6256473 -344.6619803
-30.2097065 -354.7854356
35.6039545 -561.9837053
-27.3306050 -317.1167530
17.5042722 -154.1059293
14.9372200 -161.3047137
0.4042709 20.7105697
19.0880008 -213.3982993
-5.1994929 -60.6977562
19.8360091 -223.4091974
-19.3806052 -178.5332058
13.3992193 -160.8630639
-21.1042996 -171.7364911
4.4414172 78.5219778
-31.0533741 -359.6571583
-34.1474299 -490.5293779
2.4515903 15.5712946
12.7604772 -107.9674867
-27.9720525 -288.6613339
5.4118039 -28.8069767
38.5528477 -727.9732499
-22.4193951 -211.2883122
-30.9009081 -376.4170354
-32.6401991 -455.2023730
-2.5530562 -53.9730418
-30.1044418 -381.1996251
-35.3816562 -362.9885025
-3.1931542 98.3360482
28.3178388 -531.5056854
-38.2552593 -633.0089620
-2.4316516 -7.2157970
-1.1468857 -30.0181583
-0.5275505 16.9191953
-35.6894024 -432.8310114
-3.8677472 31.4782083
14.9867000 -93.9664854
-22.9578507 -241.2831040
-12.2421694 -33.1462280
-37.2354731 -512.7630659
-8.2778362 -59.3871751
26.1439161 -280.4914649
-26.4683038 -273.5923083
28.5691313 -460.6239195
-11.0783713 -84.3380125
38.7749865 -838.9430113
5.5009731 92.6637615
3.2490857 75.8527368
-31.2956571 -355.5069672
-1.9461272 -30.2028721
5.9579310 16.2417468
-5.6251721 32.9502775
13.8738039 -147.6745209
5.7239522 -95.1353577
36.3504239 -716.1164143
-25.2013981 -275.6868249
7.9468820 -173.3553471
0.0399208 19.4332065
-4.2903208 26.2658736
3.2750289 -45.2448324
-7.5206643 89.1805719
-7.6660490 -26.2019584
-27.9429532 -224.2726533
-28.0060197 -265.6377549
-24.9711285 -216.2448918
7.9344780 -107.2187029
3.4762684 19.5190404
14.8629115 -130.0735123
3.4901112 68.9487135
-5.1302070 -4.1076175
-24.4229982 -229.1685927
21.1474847 -315.7843314
11.7650781 -210.3481733
-26.9554642 -252.3960490
10.4588881 -58.4300518
-14.8576451 -28.0086679
-25.5608696 -322.9940647
32.3200330 -497.7326676
-12.1352319 22.4226933
-33.0437565 -527.6927671
-28.7074938 -410.4287828
19.7713015 -203.6332758
-2.3527586 -32.3024800
39.3640965 -743.6150912
39.0337227 -810.8394652
-37.8442729 -607.3310870
28.9703346 -369.3822041
-39.3447159 -708.3740353
23.5432247 -241.8391937
26.5049327 -332.0158248
8.6515071 -48.0474926
39.2988853 -707.6124920
31.3646766 -450.0486801
-34.6883690 -469.3034720
-21.3277733 -212.1169861
-32.2068922 -420.7393105
26.9939702 -408.8005960
30.8745752 -392.9899426
36.3866563 -731.7945867
23.3892356 -282.7126788
-14.8612670 -151.3530841
-18.8653855 -156.3920524
-38.4453534 -648.5113100
-35.8137340 -523.9854169
-21.2072901 -109.1114839
-38.3494790 -590.7298875
24.2751438 -329.1415697
0.0563244 -32.9000330
34.1088118 -617.0593742
-14.3253588 -88.5595760
35.2122126 -730.7895367
2.9894996 1.9725481
4.8412461 -73.8424680
-29.5923841 -341.4261360
27.7911712 -418.1727442
-10.7485398 -34.6399640
13.3821054 -67.6578018
-4.3502855 73.3607312
26.7309283 -366.9753366
-25.9140052 -287.9967477
-21.0737301 -229.7946775
3.2744608 18.2155725
-10.3953810 -75.8000611
-38.8563423 -627.2777161
0.2908211 15.4768528
10.3995918 -34.4390111
21.2473188 -236.2252477
21.9504918 -273.3985826
-23.6414792 -219.8487451
21.0365421 -195.5078110
-21.2042128 -181.9056357
-32.0772534 -368.3003202
-26.7949890 -292.9332290
24.4185377 -230.4873519
29.6976519 -365.3377847
22.2063142 -248.9038099
39.5114447 -734.9483671
32.7997776 -516.3444202
16.8801998 -98.7967358
-19.3225736 -28.2625979
3.5585751 -44.6081663
21.4446875 -289.4192583
-22.7081132 -206.9462491
-26.6760959 -272.1684170
-28.7572765 -363.1345782
18.8124381 -240.3512338
-0.5268062 -58.9154150
21.7602029 -207.4186300
-0.0435989 34.7187926
-5.3122732 88.0061025
39.0364364 -769.1727523
-31.8649079 -445.1345910
-0.3007500 -0.4617095
6.1526937 -87.8092961
-0.8764391 89.2122909
-18.2086111 -69.5436297
-36.9304944 -598.5003010
32.8019111 -544.1174212
38.6365751 -739.4379441
-31.8593608 -430.5888455
-24.4787882 -279.3338147
38.3458392 -739.2064522
0.8116744 -132.4179260
38.5790668 -735.8293786
-23.7420019 -195.1133577
20.7141775 -275.3419926
25.6805270 -291.2284191
-39.2031538 -648.1330684
24.9357482 -436.6601375
8.9913339 2.0465419
5.0122620 -96.4582014
8.2485073 -10.0072455
5.8495840 -79.9922268
-34.7803385 -538.3525434
36.8234013 -697.7573888
-30.3018178 -423.6910541
-19.6886097 -143.6095272
31.9892575 -469.0475857
2.0310012 7.7088548
34.7662897 -700.1059910
-15.7815302 -89.4051891
-13.5614580 -106.4919392
-39.1732322 -697.9418779
11.1080583 -98.9333650
25.0976178 -376.8892144
35.8013632 -655.8219878
38.1337140 -798.0657768
-38.4327454 -659.8939170
-37.9550760 -675.1305690
34.7315814 -600.9096251
11.8853681 -54.8298597
31.2442574 -475.7550990
-31.3627490 -321.6228111
26.6696906 -327.7481966
-38.9798732 -663.1491883
-14.7316141 -43.4726964
27.2626898 -387.4183580
8.7957253 -97.6977308
-19.2772916 -96.0948487
4.0007601 17.3911810
13.7084694 -123.5276903
-34.4174397 -464.8601902
28.5157660 -470.3914076
-32.5709138 -425.0771052
-32.1943320 -407.3963134
23.7667093 -339.7558380
-23.3574025 -174.6709942
14.8226712 -176.1990726
32.5635951 -577.1277965
19.2886878 -200.3050321
-33.0067186 -476.9061801
1.8038547 -44.8365644
13.7247796 -227.1827279
18.0809294 -269.3684213
13.0136567 -120.0052687
15.8586563 -94.4160550
3.1773252 30.0883145
25.1547351 -349.4873658
-15.1639780 -52.1859203
-34.6661905 -491.4013726
26.0245408 -410.7926016
-15.5574445 -17.3590188
-24.7813197 -195.0514045
-1.2600756 -26.6083533
-39.4457375 -631.5808889
26.4385716 -365.5924061
-25.1173711 -229.3087887
18.1328019 -108.9764234
39.7573613 -816.2824490
9.9017902 -89.9775208
29.4983436 -397.8285429
-33.7541519 -463.5018445
-7.9327287 -2.2127284
3.0661886 -13.6580889
28.3929592 -458.6410387
27.5118234 -362.0856402
-25.7894968 -270.8925173
-10.4845519 29.9768449
-18.0938453 -134.0656401
-10.6131928 -143.6297866
4.4209115 -5.3186970
30.2001366 -421.5882314
-8.8199349 -31.7649890
39.9378247 -882.4963519
-34.7684662 -575.0777248
-3.4974337 57.0373312
-31.0644908 -379.6960659
-26.6626547 -229.6843222
-25.8766504 -222.0531557
-3.4975469 -16.9889370
-20.7482864 -78.3968453
-18.2052395 -156.8863057
-36.8730821 -547.5766125
-9.0735984 -107.5577982
5.6810865 39.8863239
34.0346626 -602.3576819
-36.3950443 -544.2002923
5.5739978 -94.1777408
2.5086066 -72.7424000
29.5355221 -452.2753609
-7.6810373 37.7413846
-17.0017109 -23.1376881
5.6385780 -86.2038325
16.1601314 -218.9614917
-39.4791636 -637.8514689
-20.0361034 -119.2074640
1.6904247 -64.9832246
-26.4278254 -198.6856680
20.2136011 -212.7197884
34.0494865 -575.3721121
24.3315554 -289.4413861
-23.7249410 -251.9681734
-5.0294713 34.0587867
0.5814065 50.4826011
18.2096422 -162.0441341
-27.9357697 -400.5887661
33.3478308 -543.6253120
-0.7166058 28.3291505
-35.9646596 -470.8674175
30.4585199 -535.2299319
2.2470520 -39.9384651
29.1480706 -431.5645905
20.0674394 -143.9872209
-20.5686166 -153.4893871
8.7521416 -47.0269755
-3.2062893 -32.4877360
35.4950404 -611.2446061
-36.7007989 -585.4078780
-11.4508735 -47.3182910
22.6374481 -230.5409255
3.0030847 63.5111046
31.8076771 -546.8605681
-24.4348460 -205.4433373
12.8600075 -119.7418213
-13.4727353 -78.1457296
-36.3367674 -668.1228174
-17.9335675 -93.9424950
-36.5902324 -523.5222056
-20.3011545 -166.9341582
-21.4614091 -187.3330843
-34.1277454 -411.2306591
-2.9612801 3.6207212
-30.1001940 -292.5967811
1.1808399 -51.7050976
0.8142450 10.6315438
-7.8941432 -77.0830727
-8.4917684 -89.9432630
16.8661352 -135.4202621
-18.8315001 -196.0043486
20.5243354 -186.1687941
28.7993648 -407.2585285
10.1120546 -129.6255712
14.6992535 -177.2274792
-1.9872401 4.9838288
5.7168027 -21.9056005
23.5751648 -368.1348361
8.3588430 -49.0971384
16.5141356 -214.0366423
-1.4983806 40.6129747
-31.2634205 -413.0199893
3.8320420 31.1150421
-22.8026279 -234.2182618
17.6669867 -242.5890484
-7.2612618 -34.9012584
-31.7196509 -437.5983671
-19.8352126 -178.4060243
-32.8102600 -403.3951498
11.7182452 -56.8155328
24.5856352 -336.7349225
-39.1965633 -653.5133060
39.4477148 -767.1171397
-17.6475418 -131.9594710
8.3388821 -8.3941715
-4.4668434 29.4735790
