21.5290937 1.2225387
23.2145039 1.5227596
1.8996666 2.0695477
15.5953788 1.8923828
13.3864834 1.0180966
21.2735101 1.3143207
-12.3020918 1.6302716
-3.1106976 1.2902764
12.8479909 1.1185414
8.3639779 2.6239166
-4.8638971 1.3027178
15.4586804 1.8101041
16.4292510 2.2937716
-13.2414946 1.3495936
-7.0033616 1.7912172
13.5781386 0.9077257
-11.5147691 1.4950617
13.6200672 1.1971752
-11.4036453 1.6341358
6.3685148 1.7376788
14.0035896 1.2479093
-14.3574476 1.0995444
2.4771828 1.9053717
3.8476126 1.0972726
19.2322436 2.2962522
-6.0137218 1.6930734
24.2805176 1.4419813
19.0554561 2.2328903
23.0372665 0.8943559
8.2540296 2.6650528
18.0379324 2.5773885
7.0114599 2.1445922
-2.9086389 1.3766788
-13.6101162 1.1341081
0.1893223 2.4736753
-2.9278343 1.8245775
4.2506485 1.0651537
-12.1344976 1.4579096
20.9330511 1.6057884
7.5738222 2.3944393
17.6251341 2.5762526
17.6838070 2.5158266
16.4571272 2.3078529
-13.3864550 0.8473444
4.4172972 0.9898097
1.4374460 2.1967332
23.2065996 1.0340432
-10.3496437 2.1798135
20.2969050 2.0683173
-4.2849776 1.4541870
-12.1183901 1.2583368
5.6235270 1.4869605
11.4119395 1.7975855
-11.5017805 1.5858604
17.8007969 2.4303215
-12.9082657 1.2226488
-0.9015385 2.6011568
1.5673217 2.3048084
21.5719206 1.2611021
13.6658126 1.1292108
-14.6716803 1.2646338
14.0151879 1.4180563
9.6649623 2.6537494
-1.2100539 2.4963012
-14.3570582 1.0488777
22.7364092 1.2325495
-8.8870272 2.6678554
-5.7584823 1.5624263
20.0663515 2.0871993
2.2481847 1.8828373
-8.3486360 2.6696781
5.4145733 1.3058796
12.7785266 1.0216677
24.8468758 2.0401697
15.8294606 2.0383726
20.2951822 1.7585646
7.3293499 2.0871522
-10.4894257 2.3573671
10.3385405 2.3795268
-14.4493143 1.3085905
-0.8961150 2.5389844
22.4002632 1.0050250
8.6571206 2.9357206
21.5492534 1.1785479
20.8084364 1.5178632
1.0946881 2.4780228
2.9949726 1.5296443
1.0650581 2.4753610
22.1389371 1.1029802
-2.0738348 2.0260911
-0.9595932 2.8384581
-12.2302970 1.2979758
14.8543063 1.4291671
-2.8320075 1.5965821
5.5999949 0.9914249
-3.9880199 1.4282688
20.0054742 2.1248279
8.2987809 2.6201110
20.5607453 1.6769918
10.1256874 2.2410339
0.0015802 2.7464515
1.9491075 1.8356291
11.9061636 1.3763903
12.8660727 1.1968145
9.7704815 2.7608268
15.4204166 1.6500176
2.5774621 1.5605919
-6.3597678 1.8196512
-7.7750360 2.4599782
-1.5613657 2.1779067
9.2093677 2.6082935
-6.5189867 1.8716676
9.2566288 2.9439924
-7.0490999 2.0151727
2.8319685 1.6202443
13.2481798 1.0871468
-8.4732162 2.6928834
-7.8760980 2.5918665
15.4856184 1.5714492
1.8586608 1.8465353
-6.9735363 1.8151189
-8.8973450 2.5264353
-3.7246134 1.3738909
-13.3827369 1.1054614
18.4318582 2.9954189
-6.7173419 1.8928169
-2.5832780 1.8972343
7.8048761 2.3033692
3.3873493 1.3118054
7.0591943 1.9840645
4.1890049 0.7937952
22.2050143 1.0618242
8.2842340 2.6150145
10.7422121 2.1628097
13.1194821 1.2316999
22.3054483 1.0478716
-2.1381080 1.7929182
16.9088783 2.4373534
-10.7431112 2.0559829
-0.1541778 2.8576935
9.0839701 2.7247237
-4.1001056 1.4392481
8.8294310 2.5261799
6.0011429 1.5368116
-9.8612463 2.5253351
-8.2616875 2.4656947
1.1768188 2.2638402
24.1495122 1.2094125
14.1388590 1.2656210
-2.1515184 1.7632319
3.1192405 1.3346118
-6.9531212 1.9261387
11.1479995 2.2264015
-9.6934271 2.8052047
-14.1321344 1.1113266
-1.3278935 2.5872247
-8.5975190 2.5653194
14.3187335 1.2882042
7.5130418 2.0476551
-0.0664706 2.7994340
-5.5785980 1.5024688
23.3215905 1.3422896
-6.6061302 1.4718220
8.2050537 2.2690911
-0.5042637 2.7929784
-5.8909545 1.2025553
-3.3369646 1.2984917
-0.2960696 2.4287179
20.6492425 1.7258576
16.1190677 1.9260230
5.4647398 1.4708583
3.9581821 1.2661113
3.0249258 1.6314637
-11.6916045 1.4272834
-3.3905983 1.1779195
1.3252378 2.3221714
-7.3019897 2.3917927
11.9235633 1.6172449
1.5769750 1.9779804
23.1111609 1.2455577
0.1341745 2.6168490
17.2173261 2.6337110
-9.2078843 2.7743606
19.3070901 2.2224494
-10.5152435 2.1292974
9.8421027 2.5061301
0.5147185 2.2662990
23.2865113 1.1975789
-1.2260347 2.4485690
3.7454385 1.1037471
19.5933161 2.1990599
19.1518963 2.3806465
19.6808456 2.2336676
-12.3531433 1.5844693
10.3978782 2.6200114
-7.5240596 1.9020621
15.6159569 1.7829714
-5.4640329 1.6045325
10.7546000 2.2088063
-8.6197598 2.6880126
7.7523842 2.3767008
14.6724817 1.2832047
4.1852272 1.0423977
-8.0402784 2.6674819
13.5704776 0.9405778
-1.4552520 2.3319045
4.4398704 1.0073822
-7.8764815 2.5515267
3.0619646 1.5400550
22.9777652 1.2179204
-4.9171027 1.1429344
15.0872826 1.2166595
18.1964912 2.7558264
21.2182194 1.5973517
4.8466834 1.0691981
11.1571738 2.1575690
10.6336802 2.2591725
24.0090772 1.1834932
-10.0642544 2.5103200
-9.7578497 2.6517857
9.0638544 2.6164226
20.9620605 1.5819564
-6.1915506 1.5788091
2.8822871 1.6741047
24.5539413 1.7810539
-5.0923663 0.8448382
12.7018089 1.1594234
-11.3367761 1.8314933
6.9223552 1.8410870
-11.5719573 1.7588480
-0.7185358 2.6936657
14.1315812 1.2252103
-14.9407188 1.3814084
1.9073647 2.0230756
3.3967573 1.2436282
-9.1572791 2.5957643
-7.0258359 1.9613280
-8.1175417 2.5025127
7.6130935 2.3228603
16.1020767 1.8839331
-7.0347317 1.8871408
22.7101292 1.0381379
-14.6246855 0.9810727
11.5876339 1.4989561
0.1110873 2.5402585
-6.2691333 1.5435981
-14.5071734 1.2922053
20.7751242 1.5741991
11.1992394 1.6993214
12.5923921 1.4491982
15.7976597 1.7157225
1.5454287 2.1325737
-11.2369926 1.7015969
-0.2077288 2.5653330
12.4223662 1.1054549
8.5175493 2.4861508
22.9101767 1.0317493
15.5928645 1.7932559
-5.5459940 1.1819973
-0.4051902 2.6786392
16.0677389 1.9536846
23.1596004 1.1324168
-13.1012347 1.0560199
6.4741237 1.7966666
4.0376004 1.1201319
9.7410473 2.4369150
5.4092957 1.2686139
-14.3624979 1.2867158
-1.5958919 2.0107211
20.3374394 1.7354794
-12.2833176 1.3142650
23.6569217 1.5853673
-0.3356707 2.5613440
-13.5859026 1.1803641
16.7381667 2.4732869
14.7677708 1.3421267
3.5047075 1.3419836
-3.9868004 1.2035918
14.8071821 1.4160315
-11.8094796 1.6406555
20.8048515 1.3743703
11.9858412 1.1748405
6.2833503 1.8114830
1.7018193 2.0601894
5.9945651 1.7057258
5.9733866 1.4406782
18.4206404 2.8571684
3.2733054 1.3101657
6.2900848 1.5744569
-9.5300517 2.7523041
-10.4219398 2.3661284
2.8131753 1.5294500
22.1896475 1.3645600
-6.4560688 1.9183417
-6.8027423 1.7211564
9.3720754 2.5921241
1.7329450 2.2256577
23.7540517 1.5903341
-4.2878921 1.2570635
7.5932984 2.3357965
-8.5598920 2.5458773
-6.6933273 1.5688307
-5.8935091 1.3053910
8.9170983 2.7159158
14.2074489 1.2277895
8.5443814 2.4487437
0.6511757 2.4331628
-10.5680915 1.9431691
11.1764257 1.5818737
8.6619660 2.9111829
9.8865056 2.4793459
23.4541379 1.3212458
21.4404002 1.4949415
17.9097958 2.4143046
-0.2297983 2.3717956
-13.2363067 1.2762711
17.9440624 2.6483606
-7.2869403 2.2172559
-4.2026578 1.2154755
21.7856999 1.1095382
-12.6499957 0.9946379
-10.8987323 2.1953027
-7.6262479 2.3090171
-13.8647279 1.3427515
12.9405008 1.2248594
-0.8139177 2.5008427
22.1466628 1.0363939
-7.7268831 2.4370937
-12.6161949 1.2662054
-4.2564098 0.9263909
5.6869660 1.3321961
1.7097262 2.1004204
13.8207567 1.1519981
-10.4600256 2.2070289
23.9882495 1.3149493
-12.3221149 1.2667381
19.2546334 2.2318591
12.3371777 1.2824700
13.0295699 0.8704457
13.1055151 1.2659542
-14.7936928 1.4234956
8.4354552 2.1531550
16.1682949 2.0996154
20.4482427 1.7604931
-7.0913881 2.1218393
-0.7017896 2.5325204
2.7056236 1.9772900
20.3475993 2.0923536
13.2459725 1.2718335
5.0132250 1.1297333
23.6820900 1.5228201
16.9916167 2.6816789
-2.0900783 2.1940636
21.2439501 1.2669181
19.0049754 2.3551298
17.4959473 2.4574340
-12.4094232 1.4374173
8.1578883 2.6881212
22.4611033 1.2000638
23.7255240 1.6573918
-14.4419955 1.2247413
18.8760132 2.4723334
-0.6849182 2.5562884
11.0581681 1.5252588
3.2344777 1.2816421
-11.2021246 1.8833780
19.5927068 2.1054063
17.9000478 2.8440740
-0.7803408 2.6827059
-2.9341107 1.4194369
19.0359259 2.7169394
-1.7406302 2.4012565
4.8397076 1.0286091
-4.1441180 1.0108280
-4.8283140 1.2498958
18.5751288 2.3995803
2.9249511 1.5784863
9.5352964 2.4739915
9.1412942 2.4702054
4.4169646 1.2267289
10.6939937 2.3984979
16.2343939 2.0481426
20.6859284 1.5574707
15.9573504 1.8208498
14.7494015 1.2877396
21.4587930 1.3595394
16.1170458 2.0502994
17.4188211 2.7338160
-8.9180625 2.9528411
14.2309488 1.0768544
-13.9284122 1.2660727
7.8560355 2.3950750
8.4273558 2.6679160
-0.4813532 2.4023720
17.8874570 2.3428642
-5.4358570 1.6299110
19.2062780 2.4243939
9.2572176 2.5597215
-2.0943747 1.8394397
-13.1218284 1.1062798
-9.6153509 2.4080844
-9.7655035 2.5166571
-9.5303979 2.4283259
24.1264424 1.5946613
22.4757368 1.2394170
19.2661728 2.4159553
5.3455621 0.8378115
3.4715273 1.2702193
-11.8623410 1.2702338
12.7379407 1.2767540
3.4950198 1.6489077
7.7953049 2.5050916
-9.1647478 2.5871734
16.3799603 1.9956413
9.8595141 2.3388965
-11.3876322 1.9099068
-6.8349220 2.1134741
7.7313568 2.3974536
23.3125232 0.8365582
10.0095792 2.4529250
1.0728410 2.0901965
-0.8759651 2.6025337
11.3624987 1.6391028
19.4599588 2.0946089
-14.7527542 1.1084806
5.6024628 1.2355287
1.8810386 2.3696094
11.0870107 1.9654750
-1.4193886 2.4416406
1.7131727 2.2908463
18.5970786 2.4294847
0.7921836 2.4467195
-12.3769039 1.2718583
2.8958455 1.5858217
-8.0694485 2.4966570
11.5352042 1.7981974
2.4527587 1.4260178
-4.5502493 0.8987851
23.5992019 1.4016816
-4.9237705 1.0361097
22.5638662 0.9475861
19.0911895 2.4921511
-10.2095678 2.2894960
24.4314057 1.7823198
-5.7475906 1.2826562
18.3327973 2.3862289
17.6840774 2.5824285
4.3530006 1.0068101
-11.5117658 1.8823538
-1.7837462 2.0355047
-14.8214918 1.4283142
0.1847900 2.4732722
-3.0635965 1.4855128
5.7665130 1.3521781
7.4376375 2.4032004
-8.7276847 2.3514252
9.0365219 2.6525813
8.5585712 2.6238925
-7.7988514 2.2923627
13.5535745 1.2870552
-13.1711800 0.8008765
16.9433259 2.4897797
15.2718562 1.7036455
-14.9422146 1.3511800
14.9385024 1.5871064
15.6393539 1.7873533
2.2254425 1.9717561
13.1412121 1.0894162
11.5874391 1.6727298
0.0269395 2.5779008
-4.8276868 1.2264665
-14.4910948 1.3481759
-13.8541511 1.0916020
-0.6203208 2.4832024
1.5677782 2.4117429
0.9419806 2.4699746
11.8587642 1.4831559
9.3938152 2.4513500
18.0987253 2.6746825
-0.2286993 2.6011960
-2.6996905 1.5555826
17.7518578 2.6453463
-0.1576663 2.9317128
23.7900079 1.3481829
-10.7917466 2.1877705
10.4308128 2.5172844
4.8058608 1.2495428
17.4820318 2.5076644
24.0524788 1.2686486
-3.6255611 1.3658204
13.3603627 1.1401846
16.6561687 2.4342077
23.8666482 1.5423963
13.5280451 0.9590039
-6.4332666 1.4495820
3.2828677 1.3402461
21.9040753 0.9025386
14.5412515 1.3095652
11.1869765 2.1995231
0.1911242 2.7548089
