-37.3027838 0.1715008
-38.8493163 1.3108358
-15.0415238 1.5603916
32.8812337 1.3681090
14.9818341 -0.4015607
23.2895936 -0.5678390
-14.7464079 1.3642060
27.7320234 0.2835118
-23.0123426 0.0018467
-0.2184600 0.7086794
5.5456502 -0.1803395
17.5290824 -1.1756336
-9.5137076 -0.1933670
20.5135265 1.4775399
-25.6494021 0.4501065
18.4314340 1.1681646
-12.1939509 1.1868586
-36.3887971 -1.4992248
-24.1151669 0.1524760
15.5350482 0.0260838
20.5080168 1.9535441
-16.3004695 -0.3811222
-2.3814638 -0.2142315
27.3082294 0.5614581
27.7423897 0.2298360
16.7792956 0.3333376
-18.2120850 -0.1741041
9.8789112 -1.3658961
-3.1286963 0.4732980
25.5890634 1.3011905
-26.2437810 -0.1624546
37.4946867 1.4571955
-13.3914647 0.8487591
-38.1527998 0.5431871
-3.6095278 -0.9904286
-27.7223842 0.2757711
39.7475258 -2.3702127
12.1895252 -1.1278481
37.8989653 0.9902604
-20.0974258 0.1837054
-26.4145681 2.0130375
-7.5494395 0.7209696
14.0298789 1.5563398
13.6780641 1.0014448
15.9410079 -0.2115846
-32.2639421 -0.7289040
-16.2227175 -0.4846587
4.8322225 0.3192550
36.5704312 1.3806755
-38.0924772 0.7174009
