27.6572235 -10594.3198578
-31.3243776 14903.7713552
24.6002875 -7041.5404970
-34.9727931 19855.6477222
29.1075132 -11766.6727318
-5.9583388 -164.2339791
31.2470361 -14614.0233803
15.3386767 -1896.5600822
-2.4839062 -69.7648308
11.0705476 -795.9450150
-12.3163702 929.0761263
-27.1725780 9777.6858470
30.9432637 -14440.5490344
6.7629632 581.7590271
-13.8698668 1419.4562634
-18.2669441 2688.6580064
4.6166222 248.2356658
-24.8555061 7378.1672936
-25.6796572 7099.6316115
29.4245326 -12142.6248208
34.3045294 -19615.0698464
-32.7990200 16551.2019469
-2.2617617 167.1503212
-15.2566646 1506.2275114
13.9939891 -1460.8501204
-18.1509686 3097.0488672
6.5106325 -931.2679815
-24.2806291 6768.5694094
23.8803133 -6873.1545521
11.1655921 -672.8132367
39.5626716 -29783.3418515
2.9796855 241.4409176
7.1521201 -134.3382833
33.6366876 -17766.9320007
22.8698729 -5895.5579445
-21.3655864 4356.5371040
24.1527979 -6508.3429832
27.7548800 -10653.2300223
22.8949662 -6407.3167892
15.6587563 -1699.9219229
27.6678869 -11263.1675871
28.8377859 -11967.7504427
-8.3957124 866.3120219
16.2193717 -2122.0110192
-7.7062115 -66.0939253
6.3284654 -160.8906994
-27.3825452 9937.3828279
-30.4761362 13311.6458023
7.8073442 39.3062891
-7.0905380 292.1440064
14.4759194 -1410.7407276
-14.1550398 761.3191053
-2.2017349 411.4551973
-30.6886803 13397.5562939
-13.8021660 1321.2483203
4.8500648 150.7745821
-36.2367082 23061.3520323
37.7990485 -25488.1170396
-8.3590117 -83.8826220
-8.1836390 763.5078407
21.1417070 -4166.2219183
13.5320563 -916.3445337
-4.0165771 36.1657449
-38.2255293 26808.1945507
11.6755108 -1063.2624780
-21.8916043 5056.2563657
32.4003220 -16506.7625122
13.1373784 -667.3435766
8.1667967 11.6654320
15.5269689 -1460.2027423
-28.5112476 10767.2187412
-39.8563521 29887.8060222
2.6635127 -69.7946447
-0.0195056 -46.9727536
-31.0889346 14420.6804657
16.4345282 -1894.8954507
-39.0190313 28599.2664490
36.7036398 -23965.8865527
28.8375146 -11874.7236856
-26.3641231 9541.7085875
-35.4062173 20769.2648909
20.1608264 -4146.8099330
-23.3143790 5784.3552355
-32.4272090 15936.0429485
17.6998635 -2913.8482475
-36.3009942 22384.7005271
31.6381047 -15346.2364041
9.6493495 -566.6520207
31.5793863 -15117.3848376
-28.6050782 10979.9236194
33.1991895 -17490.2225359
-23.4417981 6256.1294565
-3.5883704 157.9081822
-4.2761148 -28.8097640
-20.9145905 4481.0057243
-15.1558697 1311.0092833
26.7181438 -9114.6281180
-6.0657348 -2.2119095
-23.8540980 6609.9438996
-15.1256141 1373.2847026
-3.0802901 -205.1407220
-36.5156186 22871.7231220
-7.1667763 785.1970955
-15.5387453 1563.3885858
36.8767611 -23643.7733971
36.7244819 -24202.7988199
5.1292263 145.4506348
9.7404582 -428.1680969
32.7031860 -16617.0788360
22.6005237 -5532.7084720
22.5894888 -5502.0077163
7.9427940 -637.3863227
-35.9654481 21886.7540362
-13.9168598 968.6653214
-25.5576157 7278.7420738
-35.3536488 20831.6239881
20.2522290 -3686.5546183
-7.7527343 -211.6299105
-30.4891122 13341.4520036
-30.3119003 12847.7466807
31.3101195 -15093.4748180
-23.6004967 5976.7124316
-1.4779179 -108.1274694
-36.5047241 23852.3798180
-16.1019881 1436.9686378
18.2516679 -3907.3983983
-39.1394112 28449.8390153
-35.8906973 21786.3165891
-3.1044706 337.3589717
-3.8481915 -438.9806425
1.3971329 321.4702323
-1.9750413 104.2742100
-29.1433989 12069.0758294
-37.5159660 25235.0521895
18.7132741 -3383.8554057
-27.4779172 9303.1204910
36.3758486 -23576.2650846
-28.2898770 11129.9618264
-29.3115598 11182.2054803
13.9302994 -1393.5252902
-15.6431307 1500.4989222
-39.5097222 29423.6343561
35.7768004 -22235.7909785
-37.7115391 25536.3073677
-30.0787613 12985.1937283
21.6611645 -5246.7699460
-36.7510475 23260.7644722
-5.6831421 -285.3576949
26.7047567 -9257.5461992
-34.7199515 19698.6693738
19.8369819 -4416.2245046
-10.7450466 -25.7887283
-37.3868393 24890.8587227
33.1891118 -17773.9565737
-33.7214041 17883.5352208
-16.2490461 2200.0012834
-9.4500511 648.1396646
-7.2063057 -214.2992539
3.7977492 -301.0947502
2.4113475 558.0446654
-30.8076543 13497.4317672
-17.7255324 2624.5906128
8.1096846 108.2106665
-34.0550812 18411.2027899
29.4768880 -12038.0968005
-22.2486074 5138.5874189
-31.0998505 14058.9141365
1.0813152 -305.5948099
5.6269068 93.8035999
4.1732650 557.2825419
11.1959090 -1300.9994228
-26.0512393 7512.7698858
-18.4011557 2353.6347601
38.3035272 -27163.5632715
20.0145982 -4214.0691963
31.3654265 -14291.1788283
17.5269257 -2742.5509421
-36.5000798 23179.6275251
11.8730021 -882.6953272
-5.5090303 526.8702010
-36.4854817 22714.2875431
-39.8082651 29077.3227480
37.3627759 -24693.8883952
-3.2725321 -340.4815457
13.0641806 -813.3720554
-13.5750156 1188.9906963
-31.4306784 14518.9078014
24.8571804 -7304.4301950
-18.7652692 3124.7669060
27.6290584 -10634.5620742
-12.9339195 984.2471079
39.4941764 -30149.0931648
26.9457782 -10034.2123649
-8.9829015 423.5705279
-21.9058160 4681.2597381
33.5639235 -17895.3426275
-23.4223580 5465.6285441
-34.1015849 18606.2682906
0.9425612 -158.4913665
-29.9744356 12874.6252686
-6.5563545 502.3310139
1.8722747 -496.7975035
-10.4680681 108.3422222
3.9581741 -311.0541652
-25.1530459 7153.8195467
16.5508441 -1759.7800077
-4.1746014 -47.9566119
4.6627263 178.5486755
-3.2254961 -625.3820075
5.3274147 651.5904230
-19.1509760 4434.1829833
0.6259221 227.7530156
11.4088035 -1321.5304314
-36.9575444 24025.8483338
-7.7376236 321.6608217
8.7790259 -738.3209136
-38.8407951 27764.1183572
32.1648432 -15930.9756792
28.3231630 -11007.1428840
-34.6072645 19465.6024975
27.4800163 -9363.8810173
-21.3316002 4538.7066470
-13.9373379 1352.2381672
0.7479656 -267.7612875
21.5530293 -4580.8856306
0.6006584 -598.0223400
-31.7179927 14753.3767637
36.7554748 -24002.0253082
-5.8633157 356.6383226
-21.6601578 4515.9861021
30.6291180 -13257.8834663
-8.4114644 -181.9654858
36.5415507 -23262.8790577
-19.5630717 4216.7453806
-31.7555682 15075.2035127
-1.3739729 831.1928727
14.2782396 -1705.9292718
18.6214426 -3595.7592169
21.7565989 -4875.8587720
-10.0980562 1170.0383244
-4.8486222 157.5144306
27.5092090 -9580.8462012
-13.9990768 1053.7509921
-33.4412757 17344.0490117
-6.9430114 -293.7326020
25.7621947 -8238.3082258
-26.8984943 8971.4439285
-20.3656243 4060.2223125
5.7953476 361.8552652
-26.8446247 9227.3420781
34.7380792 -20380.7458452
-39.3940498 29362.6531319
-15.8103874 1866.9525931
-12.6035064 1518.6970853
9.6415158 -127.1986367
-32.6498984 16698.4613504
-30.6878691 13853.3328407
-24.3159100 7086.2990662
9.4359203 -359.6409858
-2.2672491 207.0447082
-3.4964552 161.5841801
-6.8253371 -123.3491998
-33.2886627 17706.1675473
-29.1344639 11311.3815200
-29.2642957 11632.8473586
-23.6893973 6479.0332977
15.2519465 -1807.6785825
-25.1555645 7042.8283800
39.0847407 -28966.8533468
27.8167065 -10350.8012767
-25.1154972 7263.1826480
34.8813430 -20906.9645210
-9.9539048 201.0435454
-4.8318920 188.7209289
2.7717471 -47.6650837
24.9178583 -7693.7435576
-25.7772140 7774.7910365
-18.5072449 2526.4239813
32.2871884 -16543.3961142
-28.3288953 11679.4146782
-39.9320660 29495.0663447
-24.3129393 6360.1944223
-11.8838189 96.4430164
1.7127794 91.5441535
32.7288885 -16599.3405224
10.0840114 -115.8642560
-19.7240611 3210.6655969
-4.2879243 464.9905677
3.2635512 133.7025193
-31.0950833 14193.0981131
20.8188152 -4404.3317831
9.3147024 -1048.7633236
-17.9357977 2912.2508091
-21.9002889 4835.8774423
-39.4576660 28936.7919949
-30.6945485 14086.0296579
22.0462488 -5119.8456328
-17.9310470 2285.1605157
14.2071928 -1781.0800923
23.8830639 -6417.6643095
-17.6510146 2843.3384514
8.7527843 -342.9812429
29.1519435 -12325.3640583
-21.8529527 4939.7695324
-18.4820916 3537.0097596
-39.2208004 28585.8155412
-12.9862578 1661.5338063
30.2538902 -13083.9484163
-20.9906173 4798.7797297
-7.9839252 339.9524658
-38.5747185 26827.6116488
-17.2962590 2651.5526124
-10.2286849 557.7522310
19.2396844 -3326.0567763
-39.8607261 30205.1780068
-27.2989069 9402.3308343
-35.5212076 21465.9752363
25.5860836 -7856.1998698
-13.1077860 1159.7842255
31.5855093 -15621.8460299
29.6073762 -12772.4961455
-31.4740442 14742.2323140
-30.8875623 13714.0198878
-25.8426782 7956.2501142
-20.4532883 4018.1643650
26.0766868 -7499.1653550
-27.2109495 9350.6880706
-34.5014050 19155.2381301
-17.8545764 1884.3390817
12.2974285 -1466.8141441
27.1470970 -10287.6910250
15.7046651 -1871.7639141
13.4644587 -1406.0202907
-2.0919744 196.7304389
36.3794456 -23533.7156695
9.5427289 -887.5343893
-13.0793684 1152.7451745
-5.6214625 -172.7719990
-29.8694552 12914.0671916
-5.4161741 158.5267474
31.8411274 -15489.6129240
-6.7444486 691.9548014
7.6917366 -759.6758279
-23.1541770 5979.2241296
-32.0181971 15169.3717358
-36.2449997 21841.9228847
3.7596812 176.8258674
-24.5354705 6977.1041787
25.3542144 -8243.1487718
-4.5039530 -311.2851491
-25.5809716 8058.7924687
16.5778355 -1896.4823935
-35.4338856 21146.5634616
29.2114858 -11867.4136789
23.6614092 -6685.6866372
19.7125445 -3998.3432519
-11.4233968 626.3856817
-31.3504566 14259.9117218
-37.1407209 24151.6182415
-18.9170884 3056.7165129
18.1416066 -3040.8507861
-10.8111003 73.5915645
-29.3545671 11736.9065501
-35.7757433 21614.8233706
38.0115276 -27048.4942320
24.9039785 -7226.8947179
-14.2110725 1263.3711434
-7.9162416 -480.4395299
33.2452827 -17453.8011769
4.5557851 173.9422189
12.0331943 -703.8365527
-32.9505563 17115.4598292
26.1859832 -8881.7183589
24.0855463 -7092.1218071
36.9341325 -24390.2535730
-0.7039155 -91.5670409
7.6960054 -320.6628837
-12.9161701 939.6719259
28.0526504 -10926.9955126
-4.7285896 -210.7141536
-7.3757116 186.6430847
30.9609078 -14263.8920209
16.2485618 -2390.8964184
-1.8491026 -180.6493882
33.8509664 -18491.1733092
-21.1194791 4042.7354945
19.1739391 -3713.6233512
-0.9398794 -16.8888603
-17.7483647 2101.9606509
-33.6209617 18207.3940010
-32.0215651 15402.4888923
-29.1490697 11238.9554373
-29.2046693 12297.5129884
9.2286748 -108.8436258
39.5349412 -29662.5110229
-31.9736907 15040.0728785
15.0719766 -1620.1086946
4.5254753 -97.7034025
35.7021477 -22361.9452382
-20.5764142 4324.0441512
-15.6355057 1811.3282937
-16.4176724 2094.3059192
24.9871580 -7315.0913869
13.5861880 -1365.7727575
-32.0503977 15265.5732130
-7.0631577 142.1259733
30.1453203 -13106.7165438
-37.2230650 24203.8142578
2.4105707 -197.4008448
1.0461522 231.2175316
10.7630137 -736.2851643
-0.2883246 212.8374137
-2.7432258 -527.5685952
30.6951641 -13958.0623751
-8.1846214 -229.6306380
36.0609611 -22596.6529492
-23.9791894 5940.2722971
-3.3691215 -363.5713449
18.7310680 -2556.5192202
-8.0255630 17.5677168
25.8030329 -8131.2012630
-19.1604954 3178.1287693
37.0691445 -24554.5863218
2.6695939 -293.5960330
-30.7524449 13408.5829494
21.5399103 -5085.0519860
1.2947722 394.1322101
22.7677215 -5682.3261436
17.2486316 -2604.1818281
-34.4897004 19667.1412302
10.2489240 -248.1801685
-0.8087239 17.7125424
-27.7107602 10114.5691973
17.2837795 -2168.7904994
-29.1680814 11944.3416890
7.8487509 -200.2212340
-39.0238503 28330.7518138
-16.0076413 1932.0817845
-0.8413726 441.1364168
12.4535278 -1476.3487695
-30.6502571 13751.8740521
28.9447190 -11770.1767169
-12.5695346 732.9976133
-11.6757039 730.5569518
4.7771357 -425.7571329
-9.2193512 8.2070103
29.8356288 -13271.2774801
-34.0455402 18362.6453169
-31.2803070 14859.9715594
-10.6893860 250.2889289
26.9630405 -9651.3641562
-38.4564662 27278.0092697
14.3051714 -903.0311373
39.6496150 -30492.0026649
-1.1109530 -40.9822086
-28.1014692 10754.5342660
16.1859170 -1861.2900483
36.3655003 -23183.8158874
-4.7129604 347.2306406
-17.7515158 3318.3953231
-34.1868174 18631.3102617
10.0363033 -398.2474573
2.7978820 159.0952378
-38.0927391 26154.5945632
-28.4507440 10459.2834111
-12.0760287 893.5011582
25.6050683 -7973.1955277
-34.0777760 19040.1122472
29.2728425 -12193.1960950
-14.6335439 1475.0396627
23.4865756 -6746.2528784
37.3862418 -25279.9979056
-33.0914909 17112.1886663
-29.2141205 11126.3017997
10.3261829 -180.3078912
-2.4644299 -304.3156222
-17.0533690 2730.4437974
-30.9594921 13684.5275044
24.5001548 -7400.5748971
20.4711336 -3596.1392152
24.1575158 -7439.6840724
26.1636877 -8785.9592054
-13.1859312 1346.8414563
-5.6347941 548.9697899
-4.3730609 -44.1142335
-22.3369491 5753.9208599
-11.9660344 561.0752936
24.3126154 -6951.6993082
15.5397207 -1986.3476590
5.2342888 -153.7483413
13.7119907 -1939.0227125
32.0446845 -15991.6312710
-28.0107209 10803.4415720
-5.8596586 540.8436983
14.4033946 -1473.0241156
-18.4602762 3147.4672839
-25.2812003 7810.6063934
39.0793437 -28710.1684017
17.2456178 -2682.9355627
-1.7025304 113.3222761
-31.2463634 14234.7661493
28.5553708 -11273.8775320
-35.1278805 20277.9251386
-35.9167823 22430.0763814
-27.7373939 10472.9215430
11.0777198 -325.0767395
-10.9112608 301.0583203
10.7089753 -533.1541166
-5.3587652 990.4601764
-35.5651797 21534.2486759
-7.6392872 344.5642087
-33.7147477 18419.5926442
6.5554910 109.7894908
39.0504269 -28555.0574230
-33.1424045 17545.6791755
3.4233551 -449.9362155
-7.8068674 470.1409611
-9.8627811 181.2892923
-20.9424946 4530.9242613
8.4606914 -737.1281464
32.1641095 -16001.3457835
32.3385151 -16748.5667746
-26.1719038 8682.4066553
-6.2097449 272.1659379
-11.1264117 908.2971243
15.2841115 -2064.2240211
-30.6246244 13568.4091444
-25.8040181 8188.8767070
-22.6369389 4906.3768297
23.7043138 -6498.9050591
-26.0193621 7772.7563541
31.4937086 -15145.8048357
-22.0365843 5825.0998074
21.8629624 -4951.1057307
-8.4534806 701.6023556
20.8479916 -4720.7651087
5.5338895 -389.6932964
32.4299888 -16338.8164975
21.6667151 -4816.9693108
29.6170199 -12494.1027948
-4.1260452 -356.3138573
2.0037626 -43.6587388
34.5104870 -19810.3862626
17.1548855 -2410.8947586
-23.7026993 6364.9558842
-30.6829103 14264.3395595
9.9939062 -982.4108455
-3.1180238 41.6962710
19.7848007 -3628.1061824
-4.2273455 -87.7244946
4.9938406 307.1121089
28.4708255 -10722.6187459
-37.7871524 25389.6653175
-15.8313795 2165.3841491
-5.4742536 307.7697448
32.3085005 -16556.9558944
16.9141927 -2387.3124668
7.9579971 -397.6131348
-15.8678523 1984.0274449
30.5450721 -14114.0121087
-8.7648323 383.4800106
-12.5474381 1127.0478535
4.9973527 -642.0463425
-24.0980816 6874.1142461
15.3145225 -2098.7690252
27.7795101 -10240.3939128
-3.1190705 -163.6573660
-25.2547002 7250.5417572
17.6537012 -2876.0685519
-25.6500769 7968.4861696
33.6302826 -18475.4742788
-0.1806263 1106.6886253
14.3925667 -1455.1202554
21.6281054 -5016.5733621
10.3754210 -2.2568237
7.3134171 -17.2502546
-1.6727213 -233.6629769
8.5547803 66.8249201
19.1687942 -3902.6782131
22.0743509 -4831.3357565
1.1286574 249.0770713
-39.7785612 29642.0757264
1.4805697 572.9711748
-31.2361628 14589.7719429
-33.7400023 18734.2312993
26.2670091 -8476.1645580
-9.7926820 243.0539622
-19.1528837 2688.8130163
-21.4336734 4487.8081563
-18.6668291 3018.4260645
5.0885314 272.8827054
-32.8260306 16159.1059367
25.0906722 -7372.9201898
36.7182747 -24137.2590820
-29.3291495 11698.5158389
20.6470600 -4163.7992938
24.0572138 -7137.8726420
19.1931802 -3678.7943165
-12.4690830 1443.8795075
1.4939881 415.6962829
16.6906124 -2493.6976480
-25.8509105 8181.0633215
23.9240582 -6471.9317029
3.8792731 -112.4421439
-39.9959498 30405.5150682
-37.6919951 25222.8011341
24.4234562 -7257.7031240
33.1994537 -17518.5758785
-0.5245310 -251.5697702
36.4460878 -23777.6963908
-18.4959608 2304.8632996
15.0875251 -1441.5611810
-28.2947738 10620.7311993
-29.1118584 12273.5101166
-34.5736404 19043.9125635
-34.4925793 18487.3658314
21.6152833 -4595.3030479
-9.9547746 327.6872688
3.6102696 52.8549047
23.6550851 -5627.3286936
12.0570180 -590.2805132
25.8967691 -8776.9954058
-29.0450971 11769.6023645
-17.7835469 2771.7771167
29.7566022 -12708.6404348
-10.4633498 206.6039378
-19.5421106 3571.6152501
-39.0550632 28471.8457607
35.3411371 -21384.5858532
34.8160370 -20641.8542508
2.3707530 -545.8479247
-36.9353270 23961.2193006
-13.6679255 1409.9872519
-1.9501797 -284.5931151
-4.1676762 583.5767315
6.6541500 -209.7663408
-8.9875476 456.3436380
0.8807208 223.3816707
-1.4173670 42.3161044
-21.1192369 4269.1012749
6.9680705 -305.7653181
-12.1723512 1264.1740734
3.1909258 -258.5361113
5.4206262 -172.5578664
-1.4785248 322.5969467
28.8835641 -11549.1772985
-31.4794301 15137.8922332
19.5571825 -3389.6810041
32.5655698 -16768.4187117
-30.3514924 12919.6845751
3.2760034 -82.9440696
6.3461822 107.7088097
-12.0206351 292.7743881
-17.5947127 2540.7350598
38.1544933 -26544.6730882
-35.9303017 21978.2514241
-18.1255516 3040.4547034
-18.5480256 2742.7791562
5.9052190 -118.8415456
-6.8323302 -152.8830660
-33.3113238 17572.6855286
-37.0087898 23903.0903148
38.2846559 -27348.9267884
4.6285385 421.8361887
3.9896935 -182.4183043
-10.4846834 301.9080793
-20.9912519 4983.3847370
-7.4294814 -703.7213281
-5.5609464 -360.2142794
26.4697177 -8423.1920552
-15.8404999 1866.6224578
-25.2252302 7685.7908241
14.9483914 -984.2195469
-32.9326851 16290.0231386
32.6038370 -16500.6262447
7.1205113 -706.6371025
12.9300230 -1412.1404401
27.1207007 -9774.6266172
-13.4772197 928.7259973
29.7823164 -12839.4505198
-30.1745750 12951.5582097
-12.2482724 1159.8185796
-35.5887756 21389.6337974
15.2426956 -1886.3383127
19.3564797 -3040.6507819
37.7464630 -26032.3344457
20.7748270 -3938.4221227
16.3445498 -1652.0760394
-37.3549445 24501.6441783
-0.9587086 -42.6661370
0.7180904 -0.7196222
-18.3240590 2745.3359096
30.1484397 -13356.8401336
-10.1379490 514.1527558
2.3301940 266.7455155
-14.6908160 1534.7491927
-38.7598477 27214.0608207
-28.3758929 11258.0265525
20.6620352 -4253.6428744
36.7925780 -23934.2144771
28.4845414 -11351.7514224
26.5275386 -8948.2150498
22.5926266 -5115.4781496
-18.2913642 2802.7809922
-14.3862123 2136.8986119
-35.2516406 20709.4530805
-11.6513667 820.2795010
-38.0300732 25588.1650070
-11.8652514 1321.5882757
20.5728666 -4630.7149388
-4.4445212 -506.7229778
28.1750752 -10720.0944847
11.4091047 -717.8111045
-6.4339667 161.6858625
32.1114529 -16139.7540843
15.9825568 -1834.0454531
6.9319677 324.8695468
32.1133301 -15608.4170780
-8.4579956 -14.7427524
-16.5545822 2578.3958486
-23.7260012 6813.5069034
-8.5656286 616.9124143
-33.4620892 16928.4518300
1.7913416 -138.0492604
35.2711194 -21179.7349766
-28.5222266 10920.4608566
-30.2255856 13541.0887029
7.4289273 -67.4805421
27.0799963 -9725.4212015
38.6578299 -27435.3946366
6.1850560 -52.5177199
28.8905733 -11823.3210271
4.7751617 445.1670302
17.2047187 -2343.6970699
-4.6417073 -224.3564378
24.1603804 -6590.3135419
5.2458959 -216.3794204
-23.5349516 6413.5446195
25.1812819 -7447.2071512
-7.1068084 323.9279496
-5.8480126 339.2893348
19.4218092 -3501.8416987
37.1895113 -24646.5054629
-36.5453712 23340.3109688
12.2709554 -1047.4615773
-19.0634395 3563.6387696
-6.5008385 411.1370037
23.4732914 -6288.2818600
20.7883622 -4523.8489843
-29.5159575 12309.7364388
-6.5561337 254.1574825
21.7216808 -5598.7182589
-2.0154807 865.5767973
34.8545288 -20630.2168735
21.7256678 -4368.3755605
34.5326057 -19805.2642770
19.6447452 -3516.5699940
-31.0867219 14311.9925917
32.0302959 -15311.3942485
-20.9226085 4614.4404043
23.6645611 -6880.7294418
12.5667289 -1507.0254425
-8.8627488 313.7021197
-34.9381234 20208.7555282
6.1871543 222.1398026
5.8594571 62.9970009
-3.8722986 -7.8869431
-15.6803240 1740.3898514
-3.8275803 699.8814610
35.5009187 -21102.8381601
25.3742504 -8339.1209045
8.3070459 92.3273364
19.9443441 -4465.8140126
6.8200737 -374.1648067
-14.0465908 1054.0840750
38.3365414 -27008.5012429
-19.3199998 3813.9050540
-12.7641737 991.9277311
-27.2294711 9791.1006616
-11.2515884 1136.4356796
-30.8857932 13964.4787420
-39.6778409 30124.4542130
7.4292260 -753.2423171
-8.3575733 -13.7613512
0.7106852 409.6297987
-23.1466402 5000.2914696
-5.3464628 -279.6901687
27.1737518 -9944.7405318
39.1775116 -28373.6116118
10.4053500 -466.5128292
18.2392136 -2990.1477148
13.4732870 -1583.8956524
21.3650700 -4758.2943712
-39.0729629 28490.2676197
-39.8672611 29877.4402147
33.9396574 -18639.1717480
23.1509531 -5733.1817783
-19.9949571 3523.5089329
-10.1193742 239.9418185
4.4105724 -272.4985062
-12.8956747 706.1610919
-17.3457263 2520.5578129
-14.2602066 985.6468843
-34.9793695 20233.1225612
14.8465694 -1276.7668971
0.9245434 602.9640357
-19.9774627 4031.0446446
19.7198630 -3685.5570782
-17.7045403 2525.8424928
-38.5971701 27717.3907867
-24.4291688 6717.1190721
-3.3167794 -128.9874022
32.1276921 -15913.9461307
5.2051999 394.4481358
-27.1596892 9521.6230827
3.4861459 109.2307965
-17.0222086 1326.8913219
-31.2374740 15100.7886174
26.7601535 -9229.4817606
-15.2219463 1162.6238981
28.0220281 -10493.7263665
31.6447847 -14855.4453560
-34.3300796 19071.5992277
-2.5831797 292.8319817
17.6704446 -2394.1247137
22.0483857 -4864.6568425
31.9944053 -15943.2489391
9.8591549 -916.5105468
17.3501815 -2455.4229788
10.0558472 -400.7236237
-13.9075637 1051.8288079
6.2326652 145.9107301
8.1855010 -861.7244103
30.5692928 -13604.7187074
37.7720197 -25701.5625179
34.7407824 -19921.1370480
-34.9873559 19989.2978711
3.3488526 -65.8364202
38.6664434 -27732.2320119
1.9456847 -44.3076116
3.9782634 -41.2216820
21.1620504 -4183.2430177
20.1930895 -3245.8243715
-5.1312379 -185.4597797
-19.7274106 3158.1688124
-24.9346255 7390.6614915
28.9014546 -11727.8127637
21.3667038 -4653.0673092
19.9294310 -3557.6984856
28.2013636 -10601.0654999
-31.2692371 14801.1172005
-38.2106897 26476.7633343
-19.7209631 3360.3385677
34.1677111 -19593.2492284
35.8510785 -22628.2170528
-31.0712192 13992.8869442
5.1552004 381.8914060
-11.0924965 185.5823682
20.4461529 -4276.1104822
13.6067730 -1227.1848902
28.4185013 -10969.4832595
34.4793096 -19221.1829313
8.5484498 -12.2867005
-5.5469310 -395.5787050
-15.5411267 1694.8554816
-8.9012958 -26.6770377
27.6242596 -10004.8002742
-12.3030458 435.9727996
-24.3438860 6828.7655896
10.1515217 -680.6008280
-24.2942294 6305.9167509
-36.1249370 22157.1738311
-15.9131676 2553.3038057
24.1228414 -6542.6607791
37.4730078 -25220.8311241
-14.2134942 1282.3551909
-15.8540355 1659.9416568
15.1250773 -2041.5894399
1.1838481 -292.8656838
-7.9047976 -194.4040884
-38.6609106 27613.8836952
25.5862787 -8110.2398840
-29.4078295 12181.5139154
-10.1706781 757.2504228
17.0561498 -2392.8991740
-13.7810804 1243.6017173
7.2394232 84.5823976
-14.8114875 1852.4655521
15.8583201 -2081.8683696
-38.4656806 26407.9813017
9.4400100 -342.7226432
10.1611819 -258.7887338
35.6814814 -21641.3623969
38.5278570 -27873.1841687
13.4106824 -1242.0327065
15.1924766 -1316.8859289
38.4238210 -26962.6908289
9.0261415 -403.4254498
10.2666579 -901.0476202
20.0304156 -3875.7617204
5.1081441 351.1489232
17.2613325 -2158.9385292
13.4407087 -930.2050223
-35.8159861 21853.2544915
13.6517039 -1351.9869596
10.2999831 -547.2244443
17.8910858 -3029.2256400
-14.0316720 1432.3270257
-27.3546723 9178.7272265
14.5527418 -1586.3390717
22.4213500 -5538.9264319
-4.2116157 -97.9584787
34.5725205 -19938.3516536
-37.7478060 25367.3332901
1.8885294 -438.2772182
24.8721672 -7202.9940071
-18.8611014 2787.2888111
26.9208294 -9500.2623403
-0.6852026 357.4748244
-36.2323179 22248.8110072
-28.9553277 11320.0082495
-37.5754606 25282.3553080
27.8215936 -10062.9905465
18.8376015 -3555.5635705
5.2628234 -115.8977838
-14.4174659 1033.5825298
-24.2942945 6798.6572522
-20.3333715 3793.3859756
-5.3599171 339.3134581
-21.5558446 4669.3678567
17.7684139 -1903.6886451
-37.5743557 24839.8324437
-16.1606932 1982.8040527
-9.8256308 585.0817643
17.2324996 -2796.7503048
28.0931606 -10143.6075271
12.9983971 -1557.9128358
12.4284649 -1081.2435283
-33.3562004 17300.4949718
21.9666728 -5296.1429943
-13.6522271 1034.0793934
4.9934935 -261.6187748
29.1019087 -11377.4703017
10.9136908 -442.1143655
-12.9144202 1114.0717465
-24.6461880 6867.9414999
-4.5181195 290.4947800
6.6176099 -937.4893122
-4.7725427 613.7300381
25.8970403 -7590.9639844
-8.7280026 197.3109915
4.4988637 265.7951103
-7.5737444 -44.3737786
-5.0310322 -427.8803654
23.9203126 -6523.3893657
-34.9247882 19743.0370532
-29.2336194 12084.7673287
-9.6119202 512.4556599
27.9210926 -10709.2367393
-10.2570826 208.5693706
-22.1308999 4810.2346079
-13.2035215 1006.4166886
21.1596192 -4611.9609612
20.0733983 -3829.4591534
22.9583444 -6006.5045465
-8.3299118 173.8295473
10.6404122 -290.8964651
-30.2224754 12799.6335325
-1.4038355 543.6250906
-24.8331914 7122.0039186
15.3709354 -1745.5769025
24.0964753 -7237.2970488
-30.3632654 13455.4602038
15.7689235 -1432.7544888
22.2117913 -5156.3056817
-29.0990656 12098.6071571
29.9477853 -13087.3154782
17.2925528 -2783.8256703
-19.6500082 3771.0239516
-21.1196859 4573.2857315
27.4981424 -9587.0413536
37.7279568 -25507.1745489
-35.8838049 21872.8972731
9.4986383 -513.9486378
8.2160833 -517.4200399
18.1912286 -3464.7968295
-10.7394218 431.9865601
5.4966447 79.8267394
-18.1178302 2996.2256274
-25.3706111 7400.3733604
7.8424658 -135.0835334
-14.2747911 918.4985017
-23.3484079 5770.8437319
39.4126739 -29262.9972591
-19.7945052 3281.4929628
34.9523673 -20664.0154246
-14.7335500 1013.1804656
11.5281224 -45.1424074
2.0229562 -265.5283228
32.7588751 -16510.1362894
29.9737788 -12111.9370327
-7.5745235 423.1334311
-24.6821208 6815.5802687
-15.2301775 991.4765713
16.0792845 -2340.3199371
18.8715405 -3447.5313831
-38.1283842 26228.5285453
15.9159833 -1623.5767660
28.7614990 -12031.0105473
27.8607267 -10277.1275234
28.5191222 -11200.0128592
-17.8003967 2424.1371375
-26.1484577 8224.1932159
39.1081673 -29058.9296149
-33.3821844 17520.0489742
-5.0357122 -127.8110706
-36.0330976 21395.4385250
6.0781916 132.4748486
-25.8633768 8678.7918899
24.0861573 -6220.0168731
21.3123501 -4851.0985194
-31.0053058 14133.2563562
-18.3321696 3651.9534276
28.1475873 -10859.8045685
-36.0162026 22044.4113275
-0.6715337 -113.7699650
6.1950761 524.3812298
-18.5671919 2459.3391733
-33.3718444 17293.9242016
2.2014141 -233.3222566
33.2561782 -17964.3063742
-1.6240612 126.0242724
-9.6178756 449.1642160
26.0617142 -8476.8897531
5.7417489 30.3785489
-36.9576253 23818.1643278
-16.0211277 2542.0298899
-9.7869503 -6.9556585
25.1862410 -7508.7778375
-39.9646299 30052.6109962
39.7321928 -30192.3815905
-22.6720062 5899.0249836
36.5283440 -23373.8078144
36.1221158 -22959.8591639
-35.8426687 21476.1408991
-25.8074236 8107.4904782
5.7347373 -357.6499771
-30.2700902 12475.7823998
34.7899938 -20286.8124789
-1.0602070 70.8053249
5.4109955 28.2799685
35.1705274 -21394.7157344
-35.0445808 20418.2579540
-27.3814398 9901.8579075
17.6880600 -2384.3012102
-33.0130929 16566.9871406
32.4589575 -16450.8769934
23.7377259 -6519.8161068
37.5405783 -25827.6975754
4.8000254 -634.2985149
36.4259820 -24071.9017724
30.0588522 -13675.5182413
-3.1912839 -381.0019745
36.4213932 -23393.3325866
-4.1321871 386.8538821
37.0111491 -25081.6038078
7.8185569 -624.5787318
-12.3839633 1281.7427847
-14.7913256 1018.1064099
32.6213452 -16894.4580452
-39.4057672 28439.1112416
4.0672376 226.8801727
-11.7410126 1378.9163280
-26.9272022 9318.3108335
2.4933591 159.0797172
3.5114423 -170.2388092
39.0709584 -29230.1198650
15.4194854 -2239.8531662
-21.2605909 4690.0241436
-1.8171323 114.7206808
-20.4261145 3681.8142625
1.2520371 -104.1561991
-16.9664953 1979.9371636
-9.1838624 288.2631242
12.7231746 -1369.5537298
22.1606223 -5587.5316430
-36.0443064 22444.8288890
3.5717609 -56.3906490
-32.1944259 15722.8273047
39.2170041 -28801.0124013
12.4323642 -1281.7485722
-27.6712249 8947.6322252
-28.0049645 10890.1680445
18.4146603 -3263.7876016
13.0061031 -1736.9675089
19.3037161 -3551.8923123
-36.8841907 24203.7741790
21.1924114 -4725.6954142
-25.9531128 7652.7946795
-12.9674160 1335.9999971
26.5693288 -9950.2897985
16.1127109 -1954.9571159
-9.8661470 535.8808358
-17.0178949 2337.4429791
-14.7178802 1226.5112078
28.0423644 -11318.8692745
-32.1239812 15405.4003736
26.1226069 -8720.4845644
31.3988998 -15189.0957703
23.8137720 -6153.3276576
18.0007583 -2277.9604106
-23.5845630 6406.3422251
17.1967692 -2829.9714441
13.6867517 -935.7223776
-33.5001289 17855.7159342
9.1681913 -149.0331315
5.1161294 18.9567250
11.1145651 -894.1081503
-32.5274863 16505.2158233
-35.9300343 21836.4670337
38.3043517 -27148.3049643
-6.7681868 357.8986059
-17.7220216 2596.3175991
-34.4859736 19392.6886595
-6.5191680 187.9769131
13.5304796 -670.9735776
34.1550013 -18692.3977897
-11.7295990 915.1162130
3.9389962 -481.3658912
0.7262458 206.1464290
17.6414377 -2609.9905651
7.5239650 79.9253626
-33.8082599 17815.1000819
-2.8757088 512.0044178
-39.2303833 28361.9325690
22.3134582 -5494.9026357
-30.1038821 13019.7181844
-31.9378155 15002.4125210
9.8690162 -199.2593020
33.3123295 -17763.6274033
9.3567122 -626.9833025
28.6061241 -11620.1881950
-15.2776717 1678.6886809
-18.7631010 3036.0011446
7.2115526 -15.3426746
5.7954614 -254.4802162
34.0880663 -19097.8697278
-25.8970943 8472.6937880
25.5302984 -8600.5435143
-3.5246357 -618.2186826
-19.6748105 3400.1418551
9.2388700 -575.6901689
-16.0444916 1890.2016371
-36.3647967 23050.2114502
23.3821450 -6191.8513238
-24.6242267 7501.9731405
-18.9984164 2973.0639670
5.8146219 445.2303934
4.6348455 254.7716911
-7.3764693 355.6384488
33.4073115 -17734.0269790
17.3871238 -2424.0791579
28.4032440 -11163.0797728
27.2604073 -10043.6581282
17.5737039 -2359.0751076
-15.7324896 2128.3442448
13.7284619 -1595.1659121
9.5557455 -657.1917625
-22.1674176 5727.8722854
-28.7537300 11046.9827956
-27.9053515 10231.0615551
2.8690025 -204.6201878
-26.6617552 8765.4030953
-20.1704006 3868.3300849
11.5020259 -521.8033973
-20.8082443 4580.4115682
8.4838069 -370.0305343
13.2683957 -1227.0011255
8.6662918 121.0388219
-27.7794977 10332.1351956
-13.3242306 809.1348802
-34.2315893 18812.0769639
-3.7708590 -47.9749708
-32.8398064 16369.9673270
36.5997889 -23894.5862349
-28.5114345 10998.0430376
32.5695182 -16268.0974243
19.7885571 -4278.2233645
5.7305345 -809.9873748
-39.3616586 29142.0509801
30.7472535 -14369.0130620
-7.1789838 296.8923583
-13.1635746 873.3575163
22.0172786 -5620.7636714
13.0344387 -1531.8914145
22.8781464 -5873.3977734
-19.3298157 3186.7609044
38.6877271 -28359.2100355
36.5812341 -23457.9726153
-38.4434638 26541.8328428
11.8251631 -782.5286166
-5.2104543 336.5088089
-12.8008594 397.8939912
28.8593138 -11680.7907289
25.0778826 -7677.4342881
-24.4228162 7011.0809992
-27.2178655 9212.3105860
24.6245644 -7030.9622063
32.3877095 -16552.0572149
27.2786573 -9756.9419812
-6.6769355 -138.6585509
-16.1092726 2193.6470751
4.1327552 154.1574515
-1.6376735 -97.8790655
30.7354678 -13889.5386463
-16.4123432 1897.1314016
27.6967383 -9958.2189833
-35.0344575 20193.2926391
-6.9768765 -411.7203403
5.9397993 177.6793699
14.7443601 -1292.2574780
-27.4764788 9116.2959792
-23.7817395 6390.2501078
20.2851049 -4352.9987204
24.0713200 -6563.9171977
35.8045115 -22603.1653611
-3.7361760 -529.6710991
-15.1810247 1108.9451119
18.2350617 -2517.0880907
-24.0136191 6578.2743683
34.5302761 -19922.8706735
20.7582841 -3982.5960480
17.7657174 -2846.4366220
-18.9606743 2759.5077239
-36.1674714 22520.8027840
-28.9038956 11758.4107590
-31.5804041 14514.0475655
35.1164094 -21220.9297673
-21.0616869 3918.8601360
7.6032785 203.3570696
-39.6431972 29339.9783932
39.8318563 -30267.1522677
-23.2987661 6879.8286314
-7.2123080 30.3398450
-8.7211880 819.3864170
-24.6665351 6964.5112064
-4.4031445 53.0817087
8.6848573 -88.8628954
-4.5327947 681.6636600
-39.5000156 29547.5208564
-24.9430325 7033.1957351
-35.4280653 20842.3884010
7.4177388 201.7836104
35.5005931 -21492.4484514
2.2474289 -453.0970670
7.9469477 -478.3954197
-18.9457764 3452.5220241
-5.9827775 -68.3822003
32.2881872 -16316.3771388
30.3521464 -13031.0555585
-37.1664774 24618.6316200
37.0428642 -24774.2669615
-26.7410079 8770.4107234
-32.0315954 15638.9205836
19.8290090 -3572.6265311
-30.0599474 11666.9172558
-22.2200815 5176.9909421
-32.2811030 16126.7707379
27.5169512 -10199.9860355
-19.3696041 3474.9477218
-14.2473573 1812.8071568
-13.9827411 783.4561809
32.1434328 -16189.1262902
19.3921471 -3673.2599875
-20.4668461 4367.1233277
32.2424782 -16336.2734774
5.6256300 123.1598584
6.6893489 -484.3057681
36.5263220 -23117.8632807
19.6089453 -3978.8030362
-22.8276536 5105.8767288
-18.1191328 3255.3334599
-5.5232408 -183.1054702
-3.1393237 -263.6082641
9.6380600 -733.9773216
6.7649270 -234.9009931
-25.1746110 7214.2098073
-24.5323934 7245.0431503
-31.0520375 13839.0741658
-13.1731829 1125.1535273
-34.6113108 19793.7234796
-27.7353017 10071.1909565
-35.4805951 20685.4758325
6.0149670 -138.2407644
30.3081298 -13378.7921613
-9.7328483 -59.3920693
-32.1033259 15299.8483601
33.2439678 -17266.6047048
9.0648272 -725.4099901
-28.0291238 9798.3468384
37.0014698 -24026.8841457
0.9726038 -133.5200610
-37.8512418 25242.0480348
-23.5556381 6284.7342611
-16.8700368 2443.3663918
-1.2912570 44.7196707
4.2928112 270.6351583
-5.2364783 -354.7724459
-12.0963778 640.5584463
9.7099063 -845.9760691
18.4981375 -2035.1217814
-13.3949527 1334.7182469
-20.5700780 4223.3963150
-2.8978612 97.2180193
-33.5636630 17891.0369796
-39.9326249 30225.4456444
-25.7912780 8631.3399809
3.5765189 -108.9789939
-21.4802259 4390.5867579
-36.9602624 24219.0157432
20.9858640 -4884.4230804
-38.2395572 26466.3766317
13.3164150 -1383.9583907
-17.3510335 2201.8668487
9.6136764 -437.5773402
27.3873803 -9624.6598236
28.7363480 -11371.0180236
-10.7057269 861.8348686
-15.1602012 1477.2735877
-11.0226786 967.5838035
23.4392518 -6160.8284941
38.6991104 -28432.1160998
29.5255394 -12729.3351564
-21.9765960 4430.1969927
-23.5341814 6560.0185378
38.5793635 -27696.7156411
22.3405856 -5649.0010597
37.2577195 -25088.8845549
23.1648064 -5963.6962155
-23.4966997 5958.6867399
22.4651300 -5003.8468541
-21.0373923 3404.1500331
-29.0210253 10875.2510098
-32.9215233 16713.6898036
-5.7124278 526.7379163
18.5804941 -3138.9077898
16.1620963 -2116.1084370
0.1393309 63.3995049
27.1064736 -10096.4046880
38.7416596 -28526.6355053
-2.6895430 -226.5100010
-4.6908432 112.1652822
39.0226809 -28806.8486444
-34.1845102 18479.1729339
34.3647942 -19287.1702944
5.9178773 -355.4949312
-32.4287926 16123.7175577
39.6496522 -30027.8473941
-8.1521541 175.3458557
3.3309113 -94.4978048
24.6591970 -6697.2001217
22.5097575 -5970.8918186
-26.4052159 8719.4564863
13.3115575 -1391.2627643
0.7078946 -505.2532365
32.5116201 -16625.8140588
38.6970734 -28730.9917485
11.1274385 -355.9316073
5.0758397 -184.5725212
9.8477341 51.7265762
-18.7577949 2338.4750711
-25.8545735 8052.4628521
-25.4206019 7440.1037550
-13.2586638 1218.8774310
14.4673214 -2129.5801411
-10.5872353 704.2392391
27.0316695 -8975.2179673
14.0077231 -1096.2931869
-23.4947755 5831.9133469
-37.0776417 24073.2815072
28.1679047 -10686.7191931
1.9854357 -156.0974858
19.0892765 -3292.8777983
-13.4950209 1216.5760317
-33.5107266 18146.2129893
-7.2624210 171.3980807
0.2178203 -105.7672481
-34.8922358 20218.8264632
22.9957121 -5727.0507785
12.8474234 -1679.8760293
31.9384949 -14856.7158245
36.8645668 -24752.6717894
-17.8446136 2853.0186239
6.3623028 -410.3178396
-29.8282442 12213.7303985
-23.1393692 6583.5235502
-21.0078098 3864.8374286
-9.6167422 -58.8978019
-8.5889001 641.5892593
35.7302914 -21310.6756013
25.3912243 -7890.2088475
0.4929916 107.4214415
-31.6325929 15132.7268516
5.3716704 -1.1461079
1.8787429 -34.8003031
7.7635988 -46.8014476
-19.7993583 4345.3812002
-30.2703382 12807.5208408
25.0193010 -7480.8871141
30.6882375 -13835.8425871
28.8646424 -11458.3653340
-25.9526030 8508.7546853
21.4782763 -3661.1622682
-35.1462403 20579.2205140
6.7060176 -472.3824297
-10.2599033 754.3933438
-27.2309597 9189.0551423
-14.6332817 1665.4006087
-35.3543578 20932.2156510
20.2786529 -4176.6206623
26.5863950 -9588.9457615
39.9894544 -30824.3117143
26.6955700 -9291.0522244
-39.0088416 27246.3547841
20.3796169 -4455.4295783
9.8698282 -897.0594322
-9.7290742 387.3207328
35.7055345 -21915.3824642
-26.6060683 8773.3832849
1.5669451 18.4806174
-13.0574992 725.3948463
-30.3025459 12842.5852425
-7.5935813 337.5599690
-17.4329392 2790.2919902
-12.6108862 1334.5380869
14.7389072 -1813.9956802
9.9074197 -315.8791028
16.1395546 -1758.9426544
-4.8343421 317.3618078
-13.6603785 1776.2171464
-0.5325889 121.8611117
14.4577118 -1656.1690079
3.8595473 -365.9175400
20.5046073 -3679.5053549
34.4731971 -19746.1052387
-34.9646118 19904.2463031
-13.0603863 791.9994729
-37.3089365 24538.3391348
-37.3452665 24818.1071103
-29.4557962 11982.0524215
35.6396091 -21360.3250165
-9.4780972 291.8377114
-24.6767706 6565.0203785
32.5662542 -16540.0886853
-39.9615121 30254.3812029
29.8413109 -12989.8773401
-11.3113175 902.9438695
6.9455625 156.7560518
-15.3901458 2048.5654981
-21.6884322 4943.5453677
-13.5639151 1246.2737531
36.6504413 -23936.4150859
-13.5537691 1172.3842384
23.4711408 -6770.7397511
-7.3284546 179.2407069
30.6657985 -13906.3699768
8.0582960 -291.1041843
33.2259963 -17868.1805124
-31.5560322 15024.7678413
-31.0014125 13996.0775038
-29.8921440 12012.7058551
-17.9186301 2220.0566246
35.6175778 -21487.9268655
-37.6166165 25616.4350344
26.2875523 -9001.5821481
23.0916369 -6104.4916835
-29.7488164 12201.9495177
2.5836676 -253.2262028
-28.6757821 10571.6854691
30.1391774 -13371.7224350
23.2077388 -5796.3956796
-25.3363905 7505.0977258
15.3219866 -1828.7922291
-31.7778128 15303.6186329
26.5595603 -8959.3800199
-3.1806759 -481.5701446
25.2594959 -8016.2444619
20.6413397 -3938.9040912
-11.6758144 -1.5851775
-4.9716749 -115.2083684
-8.2617590 750.4864077
-37.1309075 23910.7983257
-10.9140408 446.9539332
29.3287899 -12276.4071978
-10.1637326 503.5110515
28.4919012 -11089.0698138
25.5866460 -7189.2217002
-25.3892330 7618.3492622
-11.3725474 322.5287878
-25.2284894 7365.6543373
