27.2723435 -2.0896253
90.6339221 -3.8005088
87.7667560 -4.0470280
23.4941020 -1.9973308
55.8903328 -3.2653575
50.8654943 -3.0159212
51.8694213 -3.1187136
39.8939026 -2.9575111
4.8279412 -0.2346283
67.7646476 -3.3064961
13.5559743 -1.3297461
71.3092633 -3.1210684
3.4264126 0.1094929
47.9797062 -3.0987771
20.6881256 -2.0298230
34.9995287 -2.7975117
5.3294103 -0.5562047
85.3650847 -3.6617551
54.6753399 -3.3524962
59.9242700 -3.3185615
77.6513416 -3.5946984
0.5619591 2.2446983
99.0073115 -4.1412446
57.2251094 -3.1594571
78.4226767 -3.4874853
45.3353392 -2.9107926
64.3021600 -3.2407455
2.5129429 0.7359813
7.1771066 -0.6693526
9.9860738 -1.2838935
78.5848978 -3.6047179
27.4428967 -2.0574882
62.6761868 -3.0076222
18.4363774 -1.6930299
17.2858625 -1.5379104
90.4387715 -3.5883088
93.3096487 -3.7966323
80.4901141 -3.7511562
97.1998277 -3.6761850
37.0118979 -2.4149118
32.9047780 -2.6030699
47.5323459 -2.9780991
56.7382573 -2.9096885
64.4976841 -3.3792237
27.5480840 -2.2628456
1.8096767 0.6969948
21.7023409 -1.8195192
17.0107055 -1.7404151
24.6939758 -2.3954266
47.8945837 -2.9483437
34.0814074 -2.5939556
25.1063412 -2.5228812
65.6883791 -3.2313285
65.3174252 -3.4256472
11.4814895 -1.2514079
25.7083843 -1.9743168
52.4790740 -2.9846946
15.1793512 -1.7130172
15.3067798 -1.8600249
12.2459855 -1.1483685
33.6698042 -2.5557797
31.4300635 -2.2710362
50.8010010 -2.9595916
16.6262231 -1.6297006
75.5009357 -3.3518223
54.4644536 -3.2897503
57.6588887 -2.9188972
36.6987031 -2.4597682
13.6942211 -1.4673072
59.6855739 -3.1301570
92.6001719 -4.0152091
76.9589193 -3.5436301
81.5380623 -3.5632698
46.1575751 -2.8702795
45.3770432 -3.1767444
84.6747163 -3.5254191
1.3073494 1.4497642
8.4861451 -0.7804882
0.1167994 3.9878050
37.0219460 -2.6572594
89.1933441 -4.0778091
93.0863028 -3.7632639
9.0748999 -1.1648307
85.5696665 -3.7004489
38.7725176 -2.8481238
79.4985333 -3.4556002
56.4805646 -3.0253937
40.8392618 -2.5410556
57.7461245 -2.9696972
10.0757891 -1.0441683
2.0734327 0.6982405
55.8573220 -2.9509171
69.5205458 -3.6599779
14.4047703 -1.6268360
92.6174049 -3.8191324
60.4822375 -3.3343465
29.2108741 -2.5291572
44.1825346 -2.8004347
92.9187958 -3.9136531
15.7252839 -1.8211559
61.2009245 -3.2430330
10.9991266 -1.3300525
37.5280345 -2.4667586
76.2163277 -3.3897160
76.5746827 -3.6446027
75.6157877 -3.7904623
74.4330191 -3.3702601
79.3532127 -3.4881334
31.8635786 -2.5943386
70.1846565 -3.0843394
57.7680555 -3.3214474
54.1526637 -2.6773643
18.8762391 -1.5790838
4.9279366 -0.3434613
74.7920204 -3.3416676
72.5079431 -3.3769053
95.0806185 -3.5358377
74.3750915 -3.8054342
17.0121827 -1.7467586
30.7558887 -2.4245158
63.9490978 -3.4517392
99.7943802 -3.8886317
32.1255099 -2.4354311
24.4545453 -2.2715483
99.2602086 -3.6730941
79.2208433 -3.3981596
0.7044104 1.9681358
92.0144279 -4.1208916
15.0305102 -1.4647645
96.3001800 -3.9225757
42.1467896 -2.7970934
59.8233856 -3.4257234
12.5474137 -0.9223962
35.5793216 -2.8596736
62.6716465 -3.2033294
93.0680980 -3.7433949
71.2561291 -3.4461712
41.2330130 -2.5004971
10.6140107 -1.3130572
55.8376641 -3.3183679
53.3552148 -3.0371823
49.6690724 -3.1268640
7.8490895 -0.7913258
59.1039719 -3.4129264
16.3452310 -1.4656874
69.3356383 -3.5163540
28.8093098 -2.2261063
82.2026825 -3.6233626
37.4224138 -2.8683557
32.4182758 -2.6014982
29.8256933 -2.5539652
73.0067606 -3.2820128
19.4098901 -1.7183310
56.7674026 -3.3373476
57.8089446 -3.5862305
7.6453391 -0.7880969
82.9117420 -3.6840945
48.9603456 -3.0161838
73.0483865 -3.4078382
99.9945324 -3.8525692
79.8615096 -3.6325901
84.4409449 -3.4730686
82.9554350 -3.5836371
21.8017382 -2.3136756
89.9435936 -3.5027750
19.7069826 -1.8280039
27.9698874 -2.3754771
32.2316281 -2.5722489
7.0710069 -0.4431817
14.6444444 -1.7010767
96.7684724 -3.8254003
30.5652781 -2.5288015
65.6927450 -3.1944344
10.9799013 -1.4752403
60.6549329 -3.1157393
10.1188072 -1.1531551
31.0048359 -2.1744017
45.2302754 -2.6887928
91.2223904 -3.5716051
68.6435066 -3.5933683
32.5539659 -2.5478350
52.6557355 -3.1655371
21.1819294 -1.9216761
46.2655773 -2.6837437
59.9230229 -3.4831469
38.8479092 -2.6910838
81.5644616 -3.3461093
65.4809852 -3.6494934
30.8547809 -2.7069396
44.4897028 -2.7626834
35.5196090 -3.1219728
69.0835664 -3.5946079
97.7308910 -3.0387133
80.9633144 -3.4859798
97.5783763 -3.6515795
10.9891923 -1.1645210
42.9823928 -2.6835232
79.5073918 -3.5268597
93.7226477 -3.7415617
15.9509333 -1.8924128
94.7951920 -3.7363579
28.0105216 -2.4181815
92.6919655 -4.2370821
22.5898557 -1.8488989
27.3274705 -2.2302900
86.1084442 -3.4432928
57.3871185 -3.0992308
33.4888801 -2.7486330
69.0910907 -3.6388866
2.8137630 0.5100397
26.5515017 -2.0894623
46.3388863 -2.7459515
96.8534275 -4.1603865
9.6905125 -1.0312868
94.3984846 -3.5512988
90.7763192 -3.5175693
69.8731239 -3.5242451
54.9576518 -3.3908438
80.5805150 -3.6673142
61.9475879 -3.0678043
77.5518131 -3.5278596
88.1854813 -3.7023867
60.4586129 -3.3128094
11.9705681 -1.0458156
68.3407828 -3.2480056
7.2931305 -0.5676464
33.9573995 -2.3803751
59.2443966 -3.2010163
24.5332077 -2.2081469
32.4564446 -2.5372005
20.1250060 -1.8585339
92.9097234 -3.4837778
31.7948995 -2.6268850
70.2656393 -3.2534554
37.3356232 -2.6162608
41.3869365 -2.6084499
75.5525426 -3.2983957
57.6390512 -3.2376007
75.6241050 -3.4867982
47.1565987 -2.7731209
64.9283270 -3.4752276
38.2541593 -2.4884964
27.2289936 -1.9782091
28.0952178 -2.4385884
46.3529973 -3.0545421
68.3738650 -3.4658999
87.8102956 -3.6001584
8.3416145 -0.7338714
42.7793591 -2.8127682
83.3188111 -3.6870353
42.0102768 -2.6943220
47.7343228 -2.7094031
46.8496791 -2.9441515
75.0387241 -3.9051230
64.8188501 -3.6252205
51.6328588 -3.0787122
47.5556455 -2.8833978
56.0557867 -3.2992448
3.3057764 0.4593835
69.8367084 -3.6712173
5.4712670 -0.4190370
62.2885364 -3.4309917
65.0223707 -3.3389608
27.9714517 -2.4109039
42.0663680 -2.6690710
94.0718310 -3.8842838
12.9035825 -1.5332677
67.0183958 -3.2174837
18.8747881 -1.8260920
0.2795006 2.9057112
25.8313676 -2.4018287
5.7037034 -0.5030401
27.3651086 -2.3203839
22.7783327 -2.2027564
29.6911075 -2.2732135
28.4895978 -2.6357895
30.6479852 -2.3925505
90.8350040 -3.4725509
30.1556054 -2.3811293
79.0011977 -3.5744165
7.3800992 -0.6976081
43.7317546 -3.0400448
48.9137376 -3.2920843
14.0403045 -1.3478673
85.2086563 -3.6620538
71.6095402 -3.5759875
64.4504482 -2.9724380
67.8452161 -3.3047210
47.9706804 -2.8793521
61.9517793 -3.2926927
75.6941556 -3.7676758
58.1908202 -2.9859247
87.1381995 -3.7916458
13.0955011 -1.4442596
66.0445538 -3.6550915
65.9174233 -3.2783611
57.4657703 -2.8928673
11.7875751 -1.5643345
27.3197250 -2.0703331
34.6466421 -2.5252559
14.4033119 -1.3739324
57.0286886 -3.0102676
76.3319866 -3.4046740
29.0871219 -2.5801395
43.0113771 -2.5763758
5.8496869 -0.6035658
52.5521205 -2.9899410
37.2241699 -2.6672374
36.2481348 -2.8324280
99.8978166 -3.8707792
60.4053156 -3.6196150
30.4585361 -2.2819982
75.6472987 -3.5937162
35.8649932 -2.5693526
49.1854597 -2.9560379
65.8515355 -3.3868921
57.1887529 -3.4032912
90.5079632 -3.5616590
46.4123936 -3.1168081
15.8806855 -2.0342363
89.9079973 -3.7643318
98.6329644 -3.8932769
93.0911263 -3.8256715
58.6222026 -3.1831663
48.9709377 -2.8111738
23.3253052 -1.9851934
14.5630889 -1.5570602
11.0611619 -1.3452084
13.3573452 -1.7940006
86.8323515 -3.5279202
87.1332369 -3.6970659
35.2736808 -2.8638334
45.2739299 -2.8320103
29.6195855 -2.4408340
72.4560160 -3.5130583
14.1179581 -1.5126129
7.1584579 -0.6350404
93.7355888 -3.6685913
68.6241469 -3.3224610
38.1358850 -2.3135778
9.7721304 -0.9847016
37.9477427 -2.8233882
83.7613153 -3.4101884
96.5988610 -3.7433240
30.4033644 -2.5340362
55.5418431 -3.1355041
88.9619816 -3.7010181
94.2895554 -3.9136816
88.7239705 -3.3504115
61.9765561 -3.3952273
71.0100462 -3.2178771
97.8767801 -3.6732862
74.6019277 -3.6052036
9.7556088 -0.8625098
88.1117153 -3.6325949
51.3578870 -2.9396526
73.1468226 -3.5378592
34.1977644 -2.3368675
60.9241275 -3.1215669
45.8239468 -2.9859303
74.4017939 -3.4557140
92.5447470 -3.8973078
40.3323989 -2.9637325
93.4786443 -3.7145432
38.5145338 -2.8444239
38.1021213 -2.7186650
84.6163072 -3.4674343
89.9260203 -3.5701005
29.0215526 -2.3689256
90.4538061 -3.7996641
78.3746719 -3.7558343
52.0024209 -3.1460303
67.3280838 -3.1552739
74.4031748 -3.4741353
49.8050623 -3.0700034
80.7978251 -3.7926919
89.1679642 -3.6159546
63.0529954 -3.1007236
50.1005820 -2.9175245
78.8459291 -3.7631582
91.7854800 -3.6979577
89.4079542 -3.7367981
17.5634032 -1.7606714
54.0575750 -3.0956841
37.1411956 -2.3798518
56.1212029 -3.1617689
74.6803894 -3.5383858
62.3882657 -3.5362587
26.9586814 -2.4056932
64.2890377 -3.5532287
75.0381330 -3.2622767
10.3299208 -1.1735008
48.4137005 -3.0121499
22.2060835 -2.2341084
99.9185429 -3.5424872
15.9316691 -2.0193697
7.1424924 -0.8951673
40.4692900 -2.5754012
52.6041757 -3.3625645
43.2579716 -2.9755115
54.6089915 -3.1050240
60.9434656 -3.0600785
44.1455140 -3.2363123
26.6570408 -2.2828432
23.7793016 -1.9182732
39.0934459 -2.7340463
27.3148387 -2.2261720
19.3248944 -1.7829668
45.8339352 -2.9586212
86.5261179 -3.4955232
30.1758601 -2.3338932
47.0962342 -2.8108866
87.8139796 -3.4493742
92.6328435 -3.9432742
7.1584186 -0.7112359
95.0016856 -3.7597887
24.8517959 -2.2236769
94.5875819 -3.5906450
65.3430671 -3.1729488
74.8823640 -3.3440824
12.4833962 -1.3878063
14.8832302 -1.6625827
90.2826378 -3.6892928
86.3419933 -3.7533313
2.1458709 0.5522423
44.8314758 -2.6836447
90.5229023 -3.6971409
70.7229812 -3.4931392
5.8018554 -0.0922041
12.7261031 -1.7700156
19.1002200 -2.2951515
76.3004721 -3.6629721
9.0982398 -0.8729865
59.3768141 -2.8608501
79.3562577 -3.2626221
0.7411463 1.9071533
68.7291393 -3.1487192
51.4482815 -3.0472012
55.4357549 -2.9788887
42.4262434 -2.7834748
30.6107114 -2.4384171
19.0045504 -2.0394146
75.4127833 -3.1171108
52.5349057 -2.9202838
54.4968688 -2.9526687
77.8623631 -3.5136750
12.0252467 -1.4428932
84.1915530 -3.6585302
52.5322043 -2.9862638
83.5191610 -3.8723971
85.2363940 -3.3488146
98.6708504 -3.6020646
3.5776804 -0.1918984
61.2776256 -3.2466669
89.7296942 -3.7762717
95.8897380 -3.5120297
39.0281997 -2.7193298
2.4777129 0.8036955
50.1660024 -3.1628418
66.9080087 -3.5687192
9.2104827 -1.2123461
81.7786544 -3.6493581
23.3080946 -2.0775718
16.0185185 -1.5609466
89.1348373 -3.7330765
40.3589464 -2.9297077
91.5438453 -3.8223437
71.7310680 -3.3039784
21.3371289 -1.7531942
69.5988633 -3.3412896
65.0532106 -3.3561897
2.9452900 0.4189576
53.5495597 -2.9162852
26.0970052 -2.2205348
79.9104488 -3.3989126
57.4731947 -3.1891910
98.8382237 -3.8150512
0.8360702 1.7718343
94.3090518 -3.7265523
79.4733268 -3.7480698
74.7256552 -3.7259729
21.0390189 -1.9308732
98.6621327 -3.4551365
94.6688607 -3.5441737
22.1525514 -2.1879479
96.3343540 -3.6244763
65.3499345 -3.2722497
19.4567427 -1.5803506
40.5863159 -2.7076203
72.0221448 -3.3226496
56.9356937 -3.4024470
48.7530327 -3.2005823
14.5439059 -1.7975475
41.9767151 -2.5236766
63.0529540 -3.0916800
45.8518570 -2.9476534
48.9082408 -3.0286497
51.4391831 -2.9808767
54.0875930 -3.0449412
86.8664200 -3.7740241
42.3859383 -2.6549596
87.5217841 -3.5868680
57.3453292 -3.0859407
0.6299990 2.1227508
70.4045002 -3.2536976
52.9891551 -3.0894155
48.1260569 -3.1823007
31.9862137 -2.2537562
71.6082772 -3.4894968
50.9210676 -2.8248083
73.3123431 -3.1298215
29.7732433 -2.4489187
43.5346299 -2.9910127
64.3550200 -3.2307529
55.9242111 -3.3416949
88.9749454 -3.5427961
28.8021761 -2.2517699
82.8606553 -3.5168678
68.0575103 -3.3286683
31.3039758 -2.2254014
41.0972088 -2.3887070
33.3160919 -2.5224704
39.3126489 -2.5790506
2.8142622 0.6233325
73.4667927 -3.4280809
19.8136813 -1.7200345
37.6503548 -2.8893763
3.3960573 0.3100731
52.9249175 -3.0142908
43.4357356 -3.0302280
18.7177579 -2.0863742
64.3836246 -3.3440749
15.9149271 -1.8027890
89.9663222 -3.7518047
79.0133470 -3.5662552
83.4508449 -3.7647910
14.0647221 -1.3480435
37.9872995 -2.8818640
4.0990091 0.0618973
70.4107757 -3.2728794
93.0042087 -3.8001349
26.1284825 -2.3433011
39.4398981 -2.5431238
34.1154148 -2.4216748
31.5195058 -2.7008249
49.9848100 -3.0510494
42.6099687 -3.0495161
92.9316180 -3.5418001
89.8502232 -3.6757315
77.2773522 -3.1431836
8.6362566 -0.8656607
18.8272917 -1.7901688
28.6782713 -2.4983447
36.7746545 -2.5716850
41.8798046 -2.4210804
81.6555636 -3.5597525
1.1877336 1.3313683
48.9868950 -2.8121478
20.8005622 -2.0049267
92.8303017 -3.9971026
86.4253021 -3.3814419
81.7864853 -3.4513874
36.8184462 -2.6063748
76.0946381 -3.3549086
45.1751162 -2.6948595
20.4980261 -2.1222328
35.8432410 -2.9575870
9.4191130 -0.8403056
98.4790812 -4.3082525
19.0140014 -1.8440848
5.6607104 -0.6658919
9.8097262 -1.0216619
22.6835394 -1.9660240
94.1187982 -3.9339069
88.4884766 -3.3487928
64.5943319 -3.2059292
24.9804950 -2.1511952
62.5387294 -3.1615320
83.0886894 -3.4485660
72.2567676 -3.5870601
98.8479554 -3.9158196
41.2797367 -2.6355689
47.9072157 -2.7567075
63.9963910 -3.2367111
53.7063444 -2.9611696
53.3213298 -3.2535489
18.2171489 -1.8734980
35.2739077 -2.4528555
69.6162067 -3.2238040
47.6865344 -2.9702418
56.5087813 -2.9238521
50.5987067 -2.9351325
64.2608293 -3.1199585
20.4392809 -2.3513084
54.5926442 -3.1328609
41.1075309 -2.8419938
14.4682285 -1.6262733
15.2412506 -1.2986053
15.4616311 -1.6722049
77.1453462 -3.2199752
87.4482822 -3.7992236
96.3486281 -3.9022528
97.2094981 -3.5368120
9.3652406 -0.9271970
17.3468963 -1.7539849
67.3296696 -3.4806556
0.2130325 3.1783975
74.7366250 -3.7572793
46.0859061 -2.9119504
48.2129036 -3.1861122
16.4497702 -1.5013185
83.2293603 -3.5696016
54.6218083 -3.4392858
24.8701039 -2.2159989
42.6939738 -3.0810460
22.2285820 -2.1840085
34.5200021 -2.4268746
73.0993832 -3.7474022
19.3221654 -1.8524346
50.2347305 -3.4929489
26.8292485 -2.3329649
91.3183076 -3.6220826
2.3344791 0.6977937
13.4322370 -1.6009140
58.5591495 -3.5521964
88.8618143 -3.6845497
87.9869795 -3.3797470
33.6534999 -2.3308534
12.2095779 -1.4061471
89.9896624 -3.5687565
55.6290680 -3.0205518
33.0683204 -2.4529777
96.1463170 -3.7377137
41.0121836 -2.7447840
52.9690041 -2.8245248
88.5236966 -3.6111971
98.0126506 -3.8308415
18.2142319 -1.9522254
83.7558637 -3.7466902
58.8405458 -2.9882333
91.9835161 -3.7399890
28.0835214 -2.4887066
56.1145904 -3.0609218
81.4575714 -3.4346123
65.2269031 -3.1479701
43.1152622 -2.7055157
23.6260361 -2.0128128
57.9159448 -2.9405003
77.8033492 -3.6644787
66.4721487 -3.0540518
30.1036881 -2.5368309
39.4476066 -2.7062140
62.9455124 -3.4891171
4.4004277 -0.2032248
41.3195590 -2.6327964
21.8379342 -2.0681322
83.8673514 -3.5852318
37.5440601 -2.6584056
61.1804982 -3.3568437
28.3015811 -2.5470584
52.2965964 -2.8490053
64.9567582 -3.4918647
93.7525822 -4.0347129
94.1030795 -3.6702991
73.2610337 -3.2577983
91.8561884 -3.5417224
90.0950666 -3.5648860
56.4361971 -3.2271650
44.6165533 -2.9800141
54.6839031 -2.9854129
78.0040040 -3.5065557
41.5437414 -2.4629966
95.3650027 -3.7966507
64.9236244 -3.3037390
75.2548366 -3.4973134
10.0321548 -1.0092244
10.8955053 -1.2143995
7.4073193 -0.8549786
51.5217104 -3.0336019
95.3616888 -3.7344029
97.7931551 -4.0444637
73.2204816 -3.5050778
61.7090041 -3.0578188
81.9058242 -3.3154553
63.7443974 -3.3576684
26.5617925 -2.4967067
10.8065669 -1.1092987
5.1754996 -0.0979566
87.5223018 -4.0045764
82.8936343 -3.7788223
29.0346935 -2.6761131
91.3391134 -3.4549317
59.4402447 -3.1096135
56.3373182 -3.2429819
57.0465253 -2.9609564
13.1311086 -1.6427875
89.2310303 -3.6699177
25.5673087 -2.5769215
26.3670604 -2.2523095
77.7700679 -3.5581291
51.2577371 -3.2378694
39.1090267 -2.6702971
99.2682826 -3.5427903
40.3582948 -2.6411493
6.5647453 -0.8255203
24.8218074 -2.3189519
57.9856570 -3.0870787
88.8270094 -3.5357116
15.7546315 -1.7454685
10.6612840 -1.0786682
80.1824312 -3.8065459
81.3030779 -3.5167395
67.3892149 -3.3620070
60.0595175 -3.1346523
86.5885362 -3.5337564
78.2828933 -3.6819498
77.6275311 -3.6976862
71.3960111 -3.3732631
14.8256550 -1.5079872
38.6592291 -2.8377451
83.9715901 -3.6615088
97.5019676 -3.9697766
52.9837574 -3.1006517
28.6236101 -2.2955531
70.4428191 -3.3203623
0.5020911 2.6178357
4.5765194 -0.4186362
3.0503084 0.3798699
64.8975496 -3.3090695
17.3013245 -1.7395604
48.4915463 -3.0891310
89.1259478 -3.5914250
50.4356747 -2.7532210
39.8693043 -2.6924997
16.0750278 -1.7452580
38.4993326 -2.5758249
13.1214499 -1.4393001
45.7903026 -2.7901721
16.2839805 -1.7925581
93.9083394 -3.9641358
96.1844657 -3.9158190
18.9886629 -1.7081093
86.6399700 -3.4747042
1.1823649 1.3123189
76.2613523 -3.7591630
50.8227762 -3.4564227
57.2096006 -3.2831964
20.0677818 -1.6860390
73.9221813 -3.5793309
33.9322538 -2.4511438
64.2195474 -3.1660882
0.1027454 4.3472557
43.2819685 -2.5419114
62.7327763 -3.1683682
24.3728441 -2.0479797
67.6129845 -3.5726887
87.4158112 -3.4567718
60.4127715 -3.4880159
79.9509206 -3.5683164
90.7712775 -3.7621927
97.6769428 -3.8232323
87.3465559 -3.4025845
92.3653810 -3.6850689
83.0418013 -3.7453791
81.9117886 -3.7627784
2.0253227 0.5433041
69.7771211 -3.3127367
65.7256688 -3.4366637
34.0235369 -2.2965102
83.2882873 -3.8500459
49.8537701 -3.1756158
32.1559288 -2.3143376
77.8119866 -3.3805352
77.7417181 -3.4512366
49.0125380 -3.0274850
77.0747619 -3.5061282
72.6129122 -3.5656326
21.8858249 -2.0938140
94.2591353 -3.4863091
35.4435171 -2.5209042
86.9493513 -4.0639796
12.2196635 -1.6599597
70.6853092 -3.7515267
49.7481411 -2.9859459
65.5061145 -3.5466599
51.7215811 -3.0904192
24.3711999 -2.4700974
96.0880910 -3.7539594
64.4584406 -3.1718303
46.9752201 -2.5924090
83.8876923 -3.7632469
68.8994907 -3.5448903
58.3909116 -3.1765478
74.9863166 -3.3061565
16.0486375 -1.7356841
73.0935332 -3.3335538
26.9181960 -2.3139728
45.3723669 -3.0917198
14.7288006 -1.7285437
98.0462857 -3.5984784
77.9374226 -3.1675984
57.5062905 -3.1368808
77.5110976 -3.3138694
84.4946556 -3.5154877
86.4189219 -3.6846650
33.4026792 -2.6409754
3.5105121 0.5428276
11.2753529 -1.3095728
66.2335863 -3.4436917
73.2862211 -3.6065821
98.8214910 -4.1684293
73.7833359 -3.6749280
36.3307717 -2.3467317
57.8865389 -3.2257740
72.8638621 -3.1828113
28.1337608 -2.3548736
4.7216956 0.0380548
67.7626378 -3.3442234
67.4073748 -3.2422648
34.1758264 -2.4809798
1.7007487 1.3125760
94.7412969 -3.6696049
23.1314942 -2.3156692
94.0574439 -3.7379717
41.0556593 -2.9412104
8.8469100 -0.8613665
71.9627450 -3.4586742
3.6083971 0.1690894
62.0440319 -3.3535738
71.6754636 -3.0701196
8.4241515 -0.8685317
31.9932439 -2.6242877
53.7769044 -2.8673144
28.9187759 -2.4795731
10.3344456 -1.0385877
63.7701433 -3.3771474
90.2347206 -3.5361756
55.4482932 -2.9036775
86.8805407 -3.5216461
84.9004117 -3.5651262
97.0647094 -3.5832699
33.7980799 -2.6178911
17.6365099 -1.7953150
62.6463003 -2.9699934
35.0464303 -2.5879007
12.6090028 -1.3013498
59.1490621 -3.4078550
83.4718029 -3.1807826
59.0994326 -3.3551565
79.5355901 -3.5564259
98.7140861 -3.7988714
54.6437170 -3.3029296
56.6731920 -3.2364701
27.6351667 -2.1637650
95.9675878 -3.3018593
37.4661138 -2.4188046
4.4189656 0.0142952
57.2566884 -3.2385770
15.5216854 -1.6682555
94.5289422 -3.8273570
60.9727618 -2.9249849
89.7551135 -3.7384496
15.3897484 -1.9820595
15.9463093 -1.6967467
16.5330115 -1.9714769
62.4521504 -3.1613517
17.1141648 -1.6610167
15.1184431 -1.6207546
85.9827458 -3.5620540
82.6009940 -3.7110372
4.1153063 -0.1259091
39.8435330 -2.4912362
51.1825095 -2.9078821
90.8660701 -3.6924730
9.9639559 -0.9603264
57.0925857 -3.0863720
96.2042872 -3.8626021
14.1592879 -1.6039381
63.0630720 -3.0976909
22.8878687 -2.0256268
3.5862821 -0.1335363
71.6059344 -3.4293629
65.6247793 -3.3036481
59.6964917 -3.1881378
7.0945023 -0.6882947
3.2622149 0.3978290
32.7188263 -2.5781078
28.3985764 -2.3404969
96.0707856 -3.4421636
7.5006504 -0.6419446
9.1996319 -1.1587497
9.7127469 -1.2174347
77.2953601 -3.6509121
42.3121930 -2.9013340
84.3840540 -3.7390711
86.1656448 -3.6811343
60.2055823 -3.2142681
51.7093689 -3.0552875
63.8205929 -3.2972941
24.5419981 -2.0068294
48.4163093 -2.8684379
24.1231627 -2.0662983
68.9470701 -2.8078223
86.8795331 -3.3851344
77.9616699 -3.3363911
2.7210153 0.6125259
76.4561861 -3.4700618
71.7247033 -3.6328841
86.5337049 -3.8262262
0.4943475 2.3921868
21.7445688 -2.0854768
48.7142357 -2.9305639
15.6293431 -1.5179102
41.1801936 -2.7150195
34.4246102 -2.7658103
58.6380240 -3.2411531
67.6244861 -3.4289962
72.2226170 -3.3605619
14.8042420 -1.8565939
66.7806912 -3.4876696
43.1800494 -3.1794585
28.3405626 -2.5045071
6.1913317 -0.3600328
18.6114221 -1.8935185
35.4146769 -2.9872271
73.0524439 -3.7223296
4.2438489 0.3996128
95.6601664 -3.3883226
96.8717198 -3.6261262
43.4431552 -2.5615135
35.9494107 -2.6237047
27.5613795 -2.2214527
55.6297065 -3.1566820
15.3001332 -1.2420736
33.5051930 -2.5278028
23.7487824 -1.9521124
9.9916754 -0.9369405
98.3910296 -3.2822296
60.8699162 -3.0618636
98.2478478 -3.9014399
53.4431219 -2.9622774
35.0016573 -2.4778218
81.2439231 -3.7167642
88.6295639 -3.7780473
33.2893425 -2.6118326
91.4458322 -3.7171685
58.4525534 -3.0070490
10.7367986 -1.2106686
81.4437917 -3.4461466
94.3332793 -4.1849775
99.7875873 -4.0485672
89.7812918 -3.7051941
81.8260587 -3.3890373
53.3491498 -3.2664787
46.8541579 -2.7020414
87.9790470 -3.8452227
85.1190936 -3.6458877
51.0882804 -3.0616167
78.5460724 -3.3364874
69.1038306 -3.5408277
26.5709240 -2.2572125
34.6273050 -2.5732744
92.1631666 -3.5455061
41.4337615 -2.4882155
13.1315101 -1.3822287
56.5027421 -3.2525283
9.1581631 -1.2733444
85.8741514 -3.6496897
67.2154502 -3.4993261
93.6504987 -3.9943985
19.4459177 -1.8475790
62.8209011 -3.1334230
59.9201453 -3.0671459
98.8065391 -3.9368169
16.6517671 -1.6765985
59.8913750 -3.3738010
76.8607002 -3.6555880
59.1643070 -3.0959878
12.2359909 -1.4240052
56.3011611 -3.2157858
92.5217423 -3.8512605
74.7663024 -3.5733090
54.4385244 -3.3184054
79.9369814 -3.4356346
41.4432757 -2.7726715
87.5996202 -3.6741262
48.3070795 -2.7027653
27.9549640 -2.4180027
33.1976213 -2.6492982
86.3095151 -3.6523376
51.0227371 -3.1891024
96.5866792 -3.5673145
66.8877762 -3.3356952
57.5300754 -2.8848997
31.6883836 -2.3215286
22.8457384 -2.1970864
65.0009249 -3.1427318
77.8800875 -3.3425714
19.6619127 -1.9695848
86.8997809 -3.8949817
