-22.6379667 -34.8738368
27.3745951 46.6023444
10.7456573 15.0162106
-10.3881791 -19.3386630
-25.2457011 -35.8343447
-0.5020315 -4.7803871
-37.1699509 -65.7379065
38.3154480 67.6385211
6.4428440 2.7851946
-37.2906278 -56.5486944
14.4074781 24.9522784
2.3081085 2.0684126
29.4952326 58.8779406
17.6202347 29.1872845
-11.9370029 -16.1060237
11.4936975 15.6803117
-16.9085628 -21.6713116
5.1715074 -7.9496946
23.1252874 36.5532679
-21.2458922 -26.2179543
-13.8138231 -22.2439299
0.5605159 -1.0023783
-3.7001651 -9.6128576
-7.2514777 -15.2843784
30.8495073 48.6191002
1.3469534 -0.7184622
-30.8157144 -57.8474559
9.1455366 15.4811411
22.7094432 39.3213085
5.2000791 17.1395928
-32.6234394 -53.2957443
-27.0643095 -55.4354889
-15.7389139 -29.0624825
1.4785798 -6.3516770
24.2731712 34.2365033
8.1166419 14.6791069
-2.1418179 -1.9412594
-12.1448624 -24.8896274
33.9323218 64.8789503
-12.5930575 -27.3954694
29.7113877 51.3835080
28.1880587 30.5024559
-17.7636991 -26.0734579
12.4366694 21.1092705
19.0042895 34.9294482
36.9246719 65.5039860
-20.5856691 -33.9667802
33.8741874 41.3642567
0.9439985 -0.1718717
14.3606311 21.6974736
39.4282595 56.0260123
36.3801095 63.7802839
-23.0532396 -47.3228961
-39.0188175 -50.4688347
-8.2396076 -12.3571607
26.9430666 50.3973277
-36.1382482 -51.0947429
-29.1191664 -58.2662755
37.1848805 54.5777102
0.8144401 -16.9365630
16.2203771 27.6917918
-15.8485765 -29.1738322
-19.4626701 -32.8356795
23.7657648 30.6688381
19.3376259 32.0125007
-0.2620811 -7.0479434
-6.8751151 -10.2281570
3.9717601 9.9373511
4.8492559 7.2601814
-11.6640696 -23.1027967
-2.2880240 1.6570716
-4.9658022 -11.6787839
-32.0768447 -43.9334209
-34.9815210 -56.4913743
30.7281020 41.3457244
-12.4075596 -13.5833422
33.5787411 52.4810069
9.4600020 27.6978925
-14.9322713 -33.2896078
-12.7958907 -11.6794097
33.9111225 53.7005249
4.9696046 6.7191423
8.1520526 1.1574654
-7.6693942 -17.5423064
-11.5376854 -22.4007896
11.6170843 16.5078718
-29.7272452 -48.5559837
-31.4409968 -46.4277351
11.6668574 17.2475855
-5.5431120 -3.9584325
14.6386367 29.8542640
5.8064894 17.0307822
25.1288050 38.6572804
-0.6284050 3.5878744
36.9006404 54.2640323
6.7801811 5.5245967
-6.6840783 -12.7523315
-31.7518705 -51.2311335
-16.2089232 -20.9296736
10.0334864 17.4970300
