88.5766129 -2.0143892
42.3781608 -2.5054585
91.6633961 -1.8902037
74.2764591 -2.1778131
17.0185306 -2.9512419
26.6096369 -2.6677902
16.6332553 -3.0874744
41.1143919 -2.4988181
75.3652445 -2.1093845
62.9826552 -2.2913597
51.4431257 -2.3156834
86.8885780 -2.1621152
24.5582025 -2.8562214
57.0744137 -2.2370475
55.2096982 -2.3330584
97.1740056 -1.8167573
88.0758202 -2.0055379
82.1050860 -1.8373580
4.5647046 -3.7730655
81.0593687 -2.0433342
72.0046031 -2.2793177
6.7162779 -3.5384076
9.3188609 -3.4524160
23.4164078 -2.8481266
84.3862700 -2.0801719
83.4493217 -2.0929884
53.7988765 -2.2041282
70.2033348 -2.1285403
24.4923688 -2.8075656
92.0167356 -1.9228071
57.4354886 -2.1546109
41.1631178 -2.6206863
5.0217039 -3.7684901
77.1099666 -2.0921760
6.7737717 -3.4983169
19.3958051 -2.7979176
8.4797623 -3.5227011
77.5677485 -2.1247884
86.3701948 -1.9436980
45.8655253 -2.3676900
34.9404692 -2.4590765
10.7894437 -3.2405142
92.8006977 -1.9502169
95.1686232 -1.9447680
27.2466717 -2.6488490
34.5966174 -2.6644639
69.2377445 -2.1644239
69.9530689 -1.9218446
5.8342994 -3.5749716
55.5688456 -2.2368118
93.8202630 -2.0693029
70.6235342 -2.0746052
11.4501112 -3.2082460
44.1810065 -2.4435397
61.8166688 -2.0979418
46.8486388 -2.4316404
36.7780198 -2.4682455
27.0962155 -2.6280516
75.9509523 -2.0827030
69.1813661 -2.1596982
73.6038066 -2.2456989
56.3613881 -2.2920407
1.7583467 -4.2005118
94.8701731 -2.0281172
27.7579328 -2.7944208
30.9703505 -2.5824159
58.6253457 -2.0153631
81.9733256 -2.2401391
56.8968288 -2.2577399
90.3751269 -2.0459783
33.8434531 -2.5948947
62.2777611 -2.3333232
76.8998358 -2.2512141
56.8915714 -2.2607602
49.9450479 -2.4445086
66.8089953 -2.2225166
5.6763921 -3.6882962
38.2331038 -2.2313357
93.1135958 -1.9164065
55.4163925 -2.3174347
19.8027913 -2.9286206
56.6403865 -2.3625415
29.3016184 -2.6382035
64.2773167 -2.1156588
32.2589187 -2.8794268
74.8805758 -2.0507308
37.0503961 -2.4471409
24.2569985 -2.7237847
31.2104699 -2.5106299
66.3945939 -2.0957239
8.6482958 -3.4826553
83.4246825 -2.1024877
40.6886205 -2.5875016
2.0244201 -4.2509101
64.1849091 -2.3010969
95.7726485 -1.9790719
31.6307297 -2.5973089
23.9570409 -2.7602458
9.3339783 -3.2232504
1.2878941 -4.5294273
54.7075076 -2.3426605
8.0677874 -3.3020234
85.8641575 -1.9731414
4.1793057 -3.8811938
18.0620709 -2.9380612
41.5214450 -2.5931977
64.5351870 -2.2757913
41.4167229 -2.5511436
30.9653212 -2.7460960
29.4797193 -2.6601982
76.7034440 -2.1081695
52.5386262 -2.3303071
76.7637489 -2.1393613
16.6667712 -2.9616206
81.5070450 -2.1041574
58.5231267 -2.3112535
53.5134258 -2.2294694
72.0093522 -2.1567000
79.8342896 -2.1634913
44.5951412 -2.4681078
54.9608645 -2.1682904
49.3579166 -2.5086628
90.6125032 -2.0067558
80.4319712 -1.9425662
23.4854802 -2.7314571
4.9861216 -3.6729864
87.5682822 -2.0353267
25.5456755 -2.6989539
46.5554415 -2.3261401
84.3216525 -1.8731416
71.7851763 -2.1500122
0.7335908 -4.7951493
57.7589002 -2.2269601
81.2661735 -1.9996082
58.7460162 -2.1223066
32.7858773 -2.6712143
61.8466342 -2.3082076
26.2884751 -2.6649682
16.6059994 -2.9409024
74.3963094 -2.0715887
51.9532539 -2.1940845
7.5976684 -3.5292958
64.8442005 -2.2461911
9.8630554 -3.4854243
79.0653847 -2.1336599
52.0140264 -2.4315750
97.5189887 -2.0517987
49.7266084 -2.1777203
49.9247526 -2.4960834
43.8625674 -2.5066882
77.9040613 -2.1489021
26.1708944 -2.9531783
3.3773720 -3.9101627
21.3910935 -2.8128453
94.0518912 -2.0353668
23.9162344 -2.8138541
57.9976678 -2.2613139
48.4284739 -2.3535786
12.0565311 -3.2632819
99.5481606 -1.8691305
59.0592129 -2.1904802
88.7033893 -1.8757673
70.3316741 -2.1255300
14.0783684 -3.0211744
90.0591623 -1.9142271
13.7113349 -3.0458195
10.3444234 -3.1719818
6.7065446 -3.5898467
79.0348300 -2.1348272
95.7411299 -1.9197795
75.7665941 -2.2448374
37.5902094 -2.4179933
88.5575107 -1.9698236
15.3855899 -3.0289010
32.9893502 -2.5471664
52.0805265 -2.2354757
59.8053244 -2.3014574
44.3134495 -2.2393353
89.5143339 -1.8348433
1.7028395 -4.3658377
75.2047531 -2.0394111
24.2189358 -2.7237738
37.3817812 -2.5869945
12.1460735 -3.3037579
90.1302921 -1.9809003
99.0263706 -1.9558802
92.6782959 -1.8986912
66.2588223 -2.1334121
87.0259557 -2.0481110
0.6766797 -4.8863062
73.1916566 -2.0348634
15.6251800 -3.0738429
61.2787467 -2.3629683
97.1918579 -1.9503931
53.1414100 -2.4000757
89.8529245 -1.9100951
85.6577204 -1.9693717
91.5911357 -1.9290862
51.8974781 -2.2639926
69.0666297 -2.3505188
96.2411068 -1.8777005
74.9695250 -2.0049997
48.1010787 -2.2765918
5.9284875 -3.4631959
49.7182534 -2.3215412
64.9985337 -2.1411705
6.2797761 -3.6481548
38.1006489 -2.2899807
45.3426954 -2.3481416
79.6609774 -2.1151847
79.0906735 -2.3175391
5.2509983 -3.5258838
29.2493489 -2.7211857
19.4515109 -2.9074326
9.3359744 -3.4969779
99.8888334 -1.9604627
91.8673474 -1.9909502
7.3392646 -3.5006319
16.1516979 -2.9978875
1.5348868 -4.4365056
27.1745933 -2.5867009
29.0335394 -2.6631483
96.6471866 -1.9840254
61.7131377 -2.1301595
56.4570888 -2.2597678
24.0178703 -2.7243933
54.4339781 -2.3147742
2.1528486 -4.1985297
78.4979258 -2.0457144
95.4126426 -2.0936388
13.4387570 -3.1198997
29.0949661 -2.4632435
52.7531630 -2.4024503
55.8877912 -2.1480791
93.4659068 -2.1261421
94.6608474 -1.8549209
10.8518765 -3.2988371
66.7553225 -2.1389860
75.6886626 -2.2950283
84.6426609 -1.8564890
35.0654860 -2.5661639
47.8582798 -2.3704190
55.7889791 -2.2213249
95.6322114 -1.9082754
61.8574604 -2.0200554
11.4194226 -3.1794314
82.9503581 -2.0854613
21.2600770 -2.7796377
62.3667994 -2.2793987
92.0039600 -1.9320596
50.1586245 -2.3422835
45.2829795 -2.5962477
7.7575939 -3.5477630
28.2367644 -2.6504296
32.5553081 -2.5534714
40.1956672 -2.4102918
53.0003059 -2.4058055
90.7888521 -1.9131478
34.3540766 -2.5583027
23.8705535 -2.6378659
30.5642765 -2.6037598
24.7878010 -2.7366817
54.9443355 -2.2257460
78.5527070 -2.1479045
25.5013951 -2.7131622
89.3442879 -1.9883291
39.6609274 -2.3352351
85.1512743 -2.0876932
30.9075221 -2.6192764
85.7349358 -2.0233527
25.7997676 -2.7567189
57.1957721 -2.1625896
8.4321472 -3.4093710
94.7159154 -1.8954625
96.6398147 -1.8555573
67.9261019 -2.1667841
61.6614910 -2.2012096
5.7176299 -3.6212780
81.1366952 -2.1009456
97.0821785 -1.8969120
0.9378966 -4.6931151
93.3636412 -2.0101827
63.6528635 -2.0695013
13.7112278 -3.2869009
87.4102821 -1.9897016
67.4027209 -2.3245326
30.6947843 -2.5527449
10.3057240 -3.4264995
48.5180343 -2.2306549
2.1285353 -4.2342758
77.1446234 -1.8909314
69.6240122 -2.1985193
62.2326657 -2.2018408
28.4117306 -2.6820987
21.7972931 -2.6915004
1.2607315 -4.5227087
56.8945808 -2.2279968
1.3888737 -4.4437974
0.9037570 -4.7346848
7.5084424 -3.5159885
70.8186388 -2.2369392
72.7239388 -2.1166960
78.3435314 -2.0994591
92.7231364 -1.8312632
43.5097449 -2.4744714
54.5799526 -2.2426254
2.4143916 -4.2142395
64.7241575 -2.1394639
30.3103185 -2.5092090
71.3435344 -2.0581049
10.2027140 -3.3226770
16.4048336 -3.0356753
91.1849235 -1.9330308
77.0128229 -2.0655934
24.9831391 -2.5994476
63.3126006 -1.9580103
7.5359366 -3.5002413
86.8601359 -2.0506273
86.9704779 -2.0014915
91.9519907 -2.0059444
74.6281756 -1.9472819
65.1370068 -2.2888999
21.6742109 -2.6844380
44.7068230 -2.4397084
44.2745686 -2.4289798
40.2698933 -2.5054181
94.1282817 -1.8446857
90.1823888 -1.9241999
10.1656223 -3.3654724
57.5841024 -2.2401268
3.7160158 -3.9141936
16.4850338 -2.9640410
49.4076135 -2.3892306
33.5615314 -2.5986006
89.8414849 -2.0696372
23.3061162 -2.8849496
53.6256366 -2.2256938
35.3559368 -2.4433140
23.3535460 -2.9094192
2.7759428 -3.9561874
36.3809989 -2.5335025
48.9517724 -2.2301692
42.3937419 -2.5279098
18.2486572 -2.8716010
8.9853404 -3.2580918
82.6447790 -2.0900448
94.4048207 -1.9073911
98.5993053 -2.0752385
6.1345831 -3.6196494
32.4125308 -2.5858794
46.8307816 -2.4906930
73.1262846 -2.1925174
34.8221247 -2.4887138
60.1301457 -2.1115331
6.6881813 -3.4504543
13.2336086 -3.1763232
93.2287066 -1.9384447
66.9366743 -2.0673704
78.0700397 -2.0684147
78.6595980 -2.1001001
51.3283148 -2.4697119
22.3556031 -2.9839504
71.9992137 -2.1195515
96.9191118 -1.8906532
48.9848467 -2.3481267
71.7210875 -1.9973113
20.2316648 -3.0428937
6.3215367 -3.4003135
87.9795098 -2.0923180
9.8982876 -3.2744062
78.3689735 -2.0372372
44.6508429 -2.4467399
38.8924374 -2.3035109
15.1552828 -2.9726167
38.6231927 -2.5004638
69.3429879 -2.0859763
33.1496668 -2.5135230
38.3561431 -2.4928617
82.3554945 -1.9974866
26.3307621 -2.6609111
90.9194347 -2.0417817
7.2708219 -3.3185311
13.2758956 -3.2524912
71.1262822 -2.1016091
60.3473704 -2.1173754
70.4940366 -2.0436950
16.7369203 -3.2287499
54.0536990 -2.2355804
31.9397665 -2.7687129
46.3145306 -2.3625350
53.6482947 -2.2450532
32.5313335 -2.6045229
45.6355781 -2.3387372
98.0079693 -1.9204222
24.3653889 -2.6212933
24.0131016 -2.7934637
95.4304412 -1.8784576
18.5830727 -2.9515069
13.7461845 -3.0688567
97.8062289 -2.0561731
17.8965681 -2.9991259
49.4341606 -2.3637848
36.9701300 -2.5010277
64.1083702 -2.0451989
63.6316364 -2.0786801
42.6926006 -2.3574002
32.6746473 -2.6625612
22.3001163 -2.6974128
6.9800514 -3.3698290
38.7115092 -2.5137330
4.5972494 -3.8061181
60.5930287 -2.3260230
31.7453890 -2.5614451
44.1193158 -2.5130120
58.0485115 -2.2206593
50.0183753 -2.2534358
86.9530557 -1.9320439
25.2912543 -2.6899622
14.7698320 -2.9670899
95.8906736 -1.9675535
24.0833701 -2.7445959
95.8382889 -1.8882459
97.8920257 -1.7943527
7.2976174 -3.4508725
81.5361164 -2.0305709
45.1796517 -2.4867473
86.8463353 -2.1705359
47.0427052 -2.3755048
4.4588993 -3.8289573
73.6782799 -2.1212409
36.7572823 -2.4347395
77.5952718 -2.0980940
18.8522185 -2.8629123
58.5539227 -2.1424045
61.1133281 -2.1933707
72.9126517 -2.0525646
77.1058902 -2.0504010
76.5682428 -1.9715054
92.5847620 -1.9475082
44.9279958 -2.4203656
51.4828502 -2.4524863
1.3518883 -4.5048885
68.3195208 -2.1266912
38.0639185 -2.5626733
87.9798995 -2.0013267
36.0851178 -2.5809109
55.7361357 -2.1817557
65.7349784 -2.2849822
52.5060735 -2.3615177
12.3137425 -3.1641961
93.7353369 -2.1090827
69.4520184 -2.1150517
46.2581061 -2.4366179
8.2025614 -3.4736574
86.8826650 -1.9830568
81.3001426 -2.1233602
95.1848250 -1.7424384
70.3156523 -2.1456969
17.9377856 -2.9118605
82.9175148 -1.9283272
11.6240971 -3.1720794
89.9992983 -2.0733991
33.8879372 -2.6327341
33.8362835 -2.4762966
56.7054707 -2.3116211
79.2369833 -2.1592176
57.5858373 -2.2132107
5.8854904 -3.5463391
66.1055315 -2.1734949
4.1021983 -3.7545847
31.4148204 -2.5488267
85.3875435 -1.9786290
17.2226849 -2.9429270
95.8887124 -1.8561836
50.8451817 -2.2714610
4.9657048 -3.5995704
25.0952819 -2.7122083
98.6062723 -1.9469749
48.0459189 -2.3573867
58.7224858 -2.3961453
21.1462485 -2.7278447
82.0085652 -1.8882917
51.9208348 -2.4187995
67.3936706 -2.1013128
91.8205830 -2.1627229
31.6825490 -2.6941549
75.7997940 -2.2734980
3.7112971 -3.8507149
42.9320441 -2.4492731
20.0776358 -2.8268650
8.6302754 -3.1937159
68.4223179 -2.0251918
40.2690683 -2.4660341
88.3543560 -1.9543648
9.1302426 -3.4231412
33.1298419 -2.7028916
73.5551105 -2.2129718
44.0963020 -2.3609170
27.1956956 -2.6411781
15.9095455 -2.9814852
74.9400332 -2.1888459
78.7048367 -2.0803035
30.2183528 -2.5859448
93.8938116 -1.9756230
91.7070524 -1.9642846
26.4772724 -2.6662389
73.4933468 -2.1155531
92.3928776 -1.9609505
79.8139515 -2.0617824
49.4520451 -2.3141895
53.1980572 -2.3285899
20.2567864 -2.8741331
49.7996021 -2.5182575
37.8093385 -2.5866336
56.3773416 -2.2360327
85.4235722 -2.0048394
64.7859957 -2.2382719
72.5054028 -1.9970321
92.0177817 -1.9545916
61.4036585 -2.3162245
81.6887916 -2.0440241
15.6864543 -3.0023783
53.1258942 -2.1403733
21.2287905 -2.7919157
66.0062131 -2.2494404
86.7030827 -2.0164713
99.0635507 -1.8793440
89.6070140 -1.9702342
77.2643047 -2.1650758
3.2887269 -3.8397888
10.3032980 -3.2585623
98.2670595 -1.9946376
91.7292326 -1.9011879
59.2988210 -2.3060079
9.2918755 -3.3092099
31.8457044 -2.6776360
32.8727883 -2.5038942
88.7984751 -2.0229777
54.8091507 -2.2443945
11.3750049 -3.1416807
47.9890180 -2.3180417
47.5054093 -2.3935088
14.2325952 -3.0527294
51.4784662 -2.2856556
25.0896633 -2.7088085
62.7197147 -2.3673618
4.4321127 -3.6649914
18.2676151 -2.9895897
98.8920505 -2.0854413
80.5279208 -2.1037112
79.9654473 -2.1341072
8.1620945 -3.4105972
60.1170529 -2.2669787
76.3184567 -2.1331616
5.0079090 -3.7252635
29.3256624 -2.6662026
47.7500192 -2.3943376
61.5393472 -2.1583500
98.6315689 -1.9756238
19.7037369 -2.8281358
23.7430500 -2.9138070
24.5809576 -2.8820138
34.6113749 -2.7470971
91.3346374 -1.9711064
32.8330704 -2.5707079
22.2763394 -2.6525854
61.8786603 -2.3407894
50.0989599 -2.2958915
13.8012846 -3.0417234
51.6369936 -2.3807944
64.6137638 -2.3479264
35.1726812 -2.4757290
31.6117742 -2.4872198
86.5455676 -2.1402937
44.6070730 -2.2903657
21.3805212 -2.8733444
77.0688826 -2.1788543
29.0817799 -2.5394313
15.9872602 -2.9193349
88.0310312 -1.9270117
82.8571506 -2.0411332
94.5377995 -1.9381537
98.0116327 -1.9864114
74.8510542 -2.0998306
70.5034996 -2.2696874
43.1215786 -2.4504044
92.1715925 -1.9041359
22.6683651 -2.7794585
40.6579208 -2.5097702
6.4897069 -3.6366512
63.6677177 -2.1143186
55.3440854 -2.3910535
56.8397712 -2.1515083
11.7524812 -3.3257076
13.3513937 -3.0855544
47.9864958 -2.3265545
75.8367134 -1.9608817
19.5089061 -2.9617428
45.6455996 -2.4051749
97.4045432 -1.9350410
47.2021396 -2.5319738
3.6443599 -3.9483706
54.7720237 -2.2768781
11.7679236 -3.2463403
83.3957892 -1.8891287
54.1809365 -2.2283524
45.3802387 -2.3692174
40.9789948 -2.4470733
74.9139056 -1.9925157
4.0444104 -3.8961173
96.6451983 -1.8994715
65.6544775 -2.1637841
86.1715604 -1.9867896
79.3217439 -1.9240998
3.5850125 -3.6678313
7.0838924 -3.3620853
95.3825475 -1.8400928
83.3701640 -1.9263347
84.7974250 -1.9760417
22.7189213 -2.7695451
73.6522616 -1.9849862
45.9601828 -2.2885319
2.4858139 -4.0746752
35.1444712 -2.6293889
90.4169138 -2.0043268
36.6628778 -2.6175678
90.5926998 -2.1501429
71.6886787 -2.0802866
63.3118096 -2.1999800
60.4934029 -2.2246123
30.1574148 -2.6242369
87.7720993 -2.0259794
32.9310625 -2.5029689
13.3565992 -3.1027903
68.8253887 -2.1871102
69.3936100 -2.0951700
15.5875694 -2.8475165
31.6535432 -2.5861687
3.1778476 -3.8620832
21.4323090 -2.8268356
2.5089834 -4.1262909
3.8169467 -3.7033435
69.4517277 -2.1558518
57.2988140 -2.2884168
50.7527010 -2.2325571
35.7722890 -2.4826626
84.0168897 -2.1024966
23.7052810 -2.6878007
53.3357489 -2.2489002
76.0518974 -2.0587918
77.9228404 -2.0260398
69.2686717 -2.0509048
72.2623598 -2.1290251
65.4057113 -2.2144636
37.4911802 -2.5820609
19.3658464 -2.9838175
80.4077488 -2.0369071
22.1022444 -3.0049417
68.7735946 -2.1350903
30.9575693 -2.6355437
10.1862949 -3.2733132
11.2081882 -3.1979234
36.4905738 -2.4972345
9.2046748 -3.5771975
25.1654817 -2.6865481
45.1579997 -2.4388847
63.2923902 -2.2473573
5.1665150 -3.6223320
65.9546907 -2.1660794
64.6279263 -2.0713597
77.0641890 -2.1656422
91.6638974 -1.9201907
67.3955123 -2.1830240
40.1725301 -2.4438185
27.4446930 -2.7576935
41.6107488 -2.4344991
12.0758352 -3.0878582
15.8381355 -3.0352785
17.4598932 -3.1665750
80.8229854 -1.9107267
80.5369199 -2.1325017
10.7402179 -3.3763521
37.7792985 -2.5916755
13.2123954 -2.9929755
65.0893507 -2.1644790
1.1375930 -4.5743919
56.0947188 -2.2679429
28.3979770 -2.5615740
57.7963635 -2.1448457
71.7376683 -2.3051505
37.6026315 -2.3863519
24.6661256 -2.8812705
8.7048621 -3.3700521
35.0993074 -2.5015527
85.8509825 -2.1462008
25.6366831 -2.8269851
0.8619299 -4.7796458
12.8413971 -3.2880942
94.7850705 -2.0158818
13.2632457 -3.2338342
49.4424127 -2.3840131
22.5431534 -2.6503406
90.1497168 -1.9354282
47.6146255 -2.1351438
49.8618375 -2.1813099
61.0056465 -2.1923296
42.8755400 -2.3644876
43.5933875 -2.4049059
49.0446085 -2.4630930
9.2817669 -3.2391348
72.0702835 -2.1099419
58.9046664 -1.9794573
16.5522507 -2.8875214
37.4398022 -2.5719174
77.0194302 -2.0265323
93.1492682 -2.0509296
19.6116515 -2.8532751
37.6662184 -2.6027338
20.2230366 -2.8354993
1.0370618 -4.5664310
18.2628411 -2.6927835
38.3141591 -2.5374238
30.4728749 -2.6258495
91.5549349 -1.7676682
94.8287221 -2.0991129
28.1508748 -2.6732180
22.0206843 -2.8551995
69.1461138 -2.0613541
53.0268079 -2.4618078
74.3730563 -2.0580172
37.4421464 -2.5740472
78.1860983 -1.9893749
16.7529732 -2.9796610
4.4394907 -3.8541816
40.7569087 -2.5510241
54.4410295 -2.2471614
76.0787766 -2.1341814
48.2307446 -2.2965907
74.1332414 -2.0611342
50.2939706 -2.3399832
30.5893754 -2.6202795
12.6691684 -3.1943597
22.8279488 -2.8505949
50.3539887 -2.3988283
13.4374291 -3.0512692
17.8444047 -2.9940882
33.2246388 -2.6062594
46.3979021 -2.6424488
27.7009694 -2.6379397
31.5883609 -2.4143040
99.8395812 -1.8858271
32.6891684 -2.6203662
94.6707500 -1.9299483
32.3833845 -2.7529732
71.3428270 -2.1639233
75.2172411 -2.1115812
42.3032843 -2.4613287
2.8590696 -4.1082265
89.0192676 -2.0215279
89.6851852 -1.9639254
48.7371038 -2.4464578
53.7777423 -2.3762737
9.5075540 -3.2881624
9.8125325 -3.3442166
92.6643881 -2.1001525
80.4948524 -2.0756346
5.9590708 -3.7982500
40.8620188 -2.3620065
22.8614625 -2.8608748
65.0827989 -2.2830238
28.8925085 -2.7516263
37.5910071 -2.6124132
56.4551856 -2.3389292
63.6681768 -2.2709418
82.3874811 -2.0125090
91.1223733 -1.9731908
56.1519922 -2.3029898
99.0091697 -2.0457469
78.7818220 -1.9998745
78.1489633 -2.1199453
47.4996325 -2.5240687
27.5354052 -2.6344677
1.1260934 -4.5813647
87.1048713 -2.0268254
70.3245962 -2.0831805
72.3444381 -2.3251450
64.6913772 -2.2721542
29.2236029 -2.7106793
5.6223045 -3.6286194
87.7564061 -2.0636938
39.9776966 -2.4165317
97.7384469 -1.9708387
52.3199654 -2.3502347
15.3526166 -3.2316423
63.7017449 -2.1593332
23.6066631 -2.7488623
75.9181720 -2.0016777
95.3475007 -2.0041270
77.7982910 -2.0112548
38.6011304 -2.5009444
57.2220810 -2.1985730
39.1524528 -2.5213144
69.3867750 -2.1158014
82.8192294 -1.9174885
47.7956330 -2.3284170
94.9798915 -1.9557444
69.8515840 -2.2268515
2.6889759 -4.1274485
22.7470580 -2.8747277
40.1215357 -2.4170438
43.0575796 -2.5070233
44.5548476 -2.3416378
13.5224373 -3.0752116
76.9252972 -1.9801528
87.1720932 -1.8329298
74.4293634 -1.9708957
73.5094404 -2.1115489
39.2242338 -2.4700198
44.2291745 -2.5314800
91.0603332 -1.9576827
79.6696150 -1.9531110
71.0131232 -2.2015501
96.5163156 -1.9639253
14.0651384 -3.0958086
81.5299493 -2.0357509
97.6952208 -2.0164808
24.2744536 -2.7800823
87.9494200 -2.0225543
8.0936750 -3.3723662
16.1728406 -3.0341946
50.3954619 -2.3082427
64.8499418 -2.0422980
37.0607100 -2.5526185
12.1302930 -3.1708822
9.4431763 -3.0983577
99.8846168 -1.8757363
17.4748817 -2.8676601
53.9863083 -2.2493618
0.4531243 -5.0158910
84.7412196 -1.9773879
2.2443899 -4.3197059
47.7473499 -2.3766317
14.0052939 -3.1533950
12.4390435 -3.2453792
43.1657449 -2.4573502
64.8544000 -2.0944233
47.7929283 -2.2405847
24.5689334 -2.7338515
8.2716159 -3.4183983
63.9976794 -2.0564426
17.9735139 -2.9651323
97.3893047 -1.9601126
68.5546686 -2.1939577
49.0890689 -2.3941687
47.5256088 -2.3733506
31.1960716 -2.7353784
97.7285879 -2.1407745
79.2553802 -2.0084036
0.7275968 -4.8809786
14.8050069 -3.0785848
57.8235385 -2.4224869
16.9491237 -2.9109766
39.3552155 -2.4886882
63.7516988 -2.1648765
30.6273862 -2.6177188
32.7073292 -2.5867411
10.1084581 -3.3151920
24.8301941 -2.6143449
13.9352186 -3.2499891
7.8890154 -3.2797573
81.3222050 -2.0139234
73.1564425 -2.0693279
76.2539014 -2.0780305
38.1572556 -2.4423129
26.7140632 -2.8247114
3.9700361 -3.9970676
72.1259539 -2.1028389
36.0941661 -2.5457443
34.7137324 -2.3679914
26.6139266 -2.6312164
64.8903597 -2.2905402
49.8856945 -2.3684614
67.4095840 -2.2239823
34.8317290 -2.6207450
68.0279557 -2.1011199
80.4680900 -2.3178435
28.2830899 -2.7461361
66.3888667 -2.2043507
98.3418558 -1.9720079
44.8975620 -2.4404453
34.2740149 -2.5833097
6.5790610 -3.5609122
6.5787324 -3.5513566
15.8466865 -3.2009568
25.1439915 -2.8104001
91.8671197 -1.9843471
18.6198726 -2.7726840
85.9885691 -2.1206744
57.8089307 -2.1734054
66.9710078 -2.1097875
62.1051109 -2.2293960
29.2781750 -2.6416397
13.7834252 -3.1852448
11.2101576 -3.3809536
37.6019563 -2.5302139
74.2076284 -2.0766700
77.0120857 -2.0398146
13.0413243 -3.2313653
90.3434332 -1.9656440
63.5274043 -2.2177564
33.0193812 -2.6034610
67.5267352 -2.2087285
50.5921281 -2.2628426
82.8887562 -2.0482601
37.3609217 -2.4641589
68.1214188 -2.1028807
17.5766134 -3.0509561
31.7215163 -2.4590299
36.7126918 -2.5741292
88.1005614 -2.2411360
18.5658842 -3.0517158
22.6697694 -2.9065445
51.8306148 -2.4386926
86.7576663 -2.3057745
53.0227230 -2.2072991
33.1305010 -2.5052318
44.7053517 -2.4204439
19.9937679 -2.7511572
1.4119750 -4.3618245
0.3651427 -5.1165141
2.8515231 -4.0305828
34.1381568 -2.6379906
6.8312177 -3.5807150
29.1556949 -2.5568320
34.1755080 -2.5290714
14.8941643 -2.9855453
27.3344422 -2.6935029
82.8911492 -2.1034441
14.4559143 -3.2549245
50.4810691 -2.4248030
11.1326058 -3.1179889
44.0962738 -2.3489543
86.4112873 -1.9357114
90.3168808 -2.0417549
57.0516506 -2.3579631
49.5406281 -2.2899247
43.9344836 -2.3598976
12.3810867 -3.0263870
14.0323037 -3.1207682
0.6850000 -4.8296286
63.2181057 -2.2462453
29.2749359 -2.6324732
47.7414246 -2.2903384
46.7815180 -2.3596486
94.3258179 -1.9319958
97.4390753 -1.9586537
37.9217846 -2.4893600
13.2135787 -3.0829626
25.7508859 -2.7149130
95.7071364 -1.9942715
13.7731390 -3.0271345
11.9475737 -3.1264945
21.7567714 -2.8097669
26.2899850 -2.6576005
61.7209572 -2.2218350
95.4969787 -2.0314724
1.1076399 -4.5563748
9.4003707 -3.2328503
11.5261614 -3.1997313
13.4067526 -2.9887379
79.8707735 -2.0899771
34.5304903 -2.5020954
37.9666935 -2.3185876
40.8060469 -2.4728538
17.4173468 -3.0893211
39.6869168 -2.5188579
95.4445712 -2.1540965
55.8915173 -2.2995662
65.6384979 -2.1706288
29.1528450 -2.6860866
4.6644496 -3.8225227
5.4279852 -3.4794835
19.0543893 -2.8257360
22.5490008 -2.7853311
42.8275953 -2.3377792
12.5341505 -3.0481059
26.2632492 -2.7513070
23.0654873 -2.7979912
31.9741728 -2.5663729
90.1767909 -1.9436567
19.9467680 -3.0872321
79.6299361 -2.1492872
41.5655600 -2.4174007
44.2290116 -2.4343982
21.5915345 -2.6214675
85.4222382 -1.9388028
3.9235594 -4.0142270
3.2682598 -3.8878618
67.9922366 -2.1814247
1.4829694 -4.3572529
6.2582154 -3.7049808
12.4582730 -3.0866177
94.0348581 -2.0026412
58.5498197 -2.3795313
43.1980705 -2.4639093
13.9723963 -3.2043021
56.5075418 -2.1083471
44.0194701 -2.2336115
27.2135250 -2.5594952
42.0078051 -2.4295117
98.3213465 -1.9723707
32.4850601 -2.3693573
76.4953005 -2.2004482
80.4239929 -1.9441900
76.8747379 -2.0984961
8.8527572 -3.3980292
45.4021180 -2.4105684
7.7334225 -3.3275111
1.7956344 -4.1287361
52.5117004 -2.2838384
6.6600236 -3.5089297
39.2357541 -2.3262702
69.3024997 -2.2659515
58.4876849 -2.2725937
55.4515985 -2.3404366
83.6441861 -2.1248264
20.7171787 -2.8839179
18.9107026 -3.0584909
41.0528946 -2.4958970
35.2524935 -2.6944462
32.6539211 -2.5593796
51.2706202 -2.2877982
26.9583101 -2.5392738
10.5490995 -3.3045104
38.9499841 -2.4067402
26.7700324 -2.6674560
75.9779724 -2.2317079
88.6853692 -2.1001088
97.3696586 -2.0347485
27.6675205 -2.6112302
94.6309164 -1.9117102
68.7127107 -2.1641661
16.3061533 -2.9327943
68.7462426 -2.1850433
69.3923214 -2.4368679
63.5657573 -2.2438603
5.3017345 -3.7386627
57.4456415 -2.0379216
80.7143385 -2.1254087
87.2241350 -2.1979152
10.1683567 -3.2244344
34.3138883 -2.5898775
9.9755928 -3.1822571
45.9700490 -2.5297238
64.9047127 -2.3585384
61.3990967 -2.3122247
66.3328809 -2.2105343
32.2032385 -2.5239807
80.9344537 -2.1020292
85.0992771 -2.0334589
38.6033468 -2.4127308
34.6319997 -2.6167371
72.6937878 -2.0602592
8.2827872 -3.3422606
23.0536672 -2.8145156
26.0283752 -2.6160611
85.9875577 -2.0591797
87.8777680 -2.0256840
54.2440808 -2.2320274
83.4664319 -1.8840701
91.7167978 -1.9829222
81.3326738 -2.0220022
36.7677323 -2.5371638
35.6656132 -2.5063769
92.8004626 -1.9338138
18.8284748 -2.7541564
23.8293084 -2.7475109
93.6173213 -2.1254371
14.7242986 -3.1752518
23.0127441 -2.7874023
32.3506814 -2.5743976
8.3979603 -3.3990739
22.7353523 -2.8065108
67.7168789 -2.2275394
19.2481804 -2.7688642
39.9826530 -2.5272892
60.8099008 -2.1500998
80.3893659 -2.0048036
85.3176471 -1.9361718
87.3818696 -1.9537202
87.6874431 -2.0420063
9.3590031 -3.3846930
1.0368408 -4.5770744
5.5876178 -3.6655329
58.8472870 -2.3722347
63.7609385 -2.1955621
88.7037732 -2.0620924
63.2294541 -2.3689949
72.8646838 -2.0890132
84.1599159 -2.0059427
48.6910517 -2.3678137
96.4393835 -1.7833477
44.8642130 -2.2171338
48.9801685 -2.2347526
63.4267095 -2.1162428
29.3006985 -2.6781727
35.9431595 -2.5762370
94.6683768 -2.1111759
11.5926006 -3.3069999
67.0594284 -2.1954227
68.1607487 -2.1924534
5.6735269 -3.5032115
25.6052652 -2.7916644
97.5859043 -1.8944909
62.3490826 -2.1484447
53.1297406 -2.2059322
69.7028973 -2.2553762
74.0995336 -1.9778476
33.9926203 -2.6567630
41.5434645 -2.6223344
3.6122820 -3.9202351
80.6266074 -1.9590572
13.5261317 -3.1004098
80.2046347 -1.9740115
36.2776896 -2.5044104
39.1730050 -2.5029872
11.1912229 -3.1967482
96.3563716 -2.1998970
91.1463009 -1.8497166
99.9818999 -2.1248936
86.2680937 -1.9965931
30.8330029 -2.6568974
45.4346884 -2.3922503
93.8907973 -2.0446765
40.4762742 -2.4904196
75.1988632 -2.2479975
0.6188906 -4.8643924
48.7958854 -2.3627595
63.6372858 -2.1805415
55.1839533 -2.2678267
34.8811161 -2.6317830
11.6176216 -3.2436717
7.3670939 -3.4729934
96.8250261 -1.8491365
2.6724568 -4.0516714
43.2128923 -2.3600924
20.7764986 -2.8666691
65.7716118 -2.2419472
50.8519651 -2.3782066
37.9643209 -2.3736295
93.6167978 -1.9688851
14.3885393 -2.9765754
54.8589852 -2.4984365
48.3229009 -2.3972410
8.6961718 -3.3451766
90.7198687 -1.9078332
96.8530832 -1.7706042
7.9250446 -3.5549779
55.5252516 -2.2028326
49.2272580 -2.2756184
6.3752505 -3.6717991
52.5715521 -2.3599129
5.9986299 -3.7259276
18.6499415 -2.8533159
87.9940864 -1.8697664
6.1686966 -3.5413148
56.0168008 -2.3388479
91.9056921 -2.0440635
7.7326855 -3.3248571
33.3507980 -2.5294440
55.5855702 -2.2233929
71.5344687 -2.1501736
47.1603719 -2.2859100
7.8334861 -3.4684916
2.6490889 -3.8357881
36.8484878 -2.4301341
55.3293967 -2.1158541
63.4525120 -2.2810969
68.7533532 -2.0823944
84.6000341 -2.0466411
19.4555706 -2.9982267
66.0956565 -2.2662367
77.4729594 -2.0708692
55.4170388 -2.2312511
82.0041718 -1.9530849
13.0632997 -3.1152445
8.8547386 -3.2339087
92.7672626 -1.9941106
35.0754570 -2.6374551
58.4280382 -2.3646539
36.6567022 -2.5508574
55.5498755 -2.1837430
14.4687235 -3.2047575
34.3146173 -2.5244775
76.9160384 -2.0171592
13.5900733 -3.1789929
41.6322035 -2.2857487
97.6097748 -1.9033527
19.0547958 -2.9685456
55.9838304 -2.3823163
37.3710258 -2.4598893
68.7181015 -2.0762140
65.7325884 -2.1870920
67.4375574 -2.2127969
14.6353253 -2.9824019
19.6838336 -3.0449968
49.8698553 -2.3198333
26.4297018 -2.7004286
73.7066481 -1.9708558
60.1355007 -2.3068078
27.7641505 -2.7530858
5.6121081 -3.5420492
14.7378263 -2.8656665
30.0592599 -2.5641822
6.9031213 -3.4888765
6.6497275 -3.4533688
97.0268688 -1.9783669
73.4517481 -2.1864193
77.4729550 -2.0811194
22.9992230 -2.9279338
2.8479046 -4.0809452
43.1487182 -2.5200261
90.1177021 -2.0832868
93.9239496 -1.9504892
58.9881723 -2.3743020
99.0725604 -1.8745302
65.7001288 -2.1918289
19.1977974 -2.7130826
71.0123926 -2.3003371
70.4968366 -2.1544650
44.9120273 -2.4444775
88.8565127 -1.8634482
53.6430664 -2.3064847
98.4977687 -1.9505332
44.6298021 -2.6030328
41.7238881 -2.4189832
14.0925420 -3.0760676
80.7566810 -2.2712843
47.6158076 -2.3524785
59.0718060 -2.2066775
30.0390819 -2.7873164
28.1910506 -2.8428610
74.6093139 -2.0369981
49.4611317 -2.2436579
91.3375471 -2.0111419
47.3734210 -2.4402932
38.3615345 -2.5056921
75.8974431 -2.0895359
18.9853058 -2.8416293
53.8037397 -2.3064731
33.9066221 -2.5572034
70.3215240 -2.0513575
52.3206139 -2.2033620
27.8541065 -2.6802836
67.2664050 -2.1643041
76.5920384 -2.2072090
32.9532047 -2.4434674
39.2629449 -2.4859253
68.5118605 -2.0305536
12.6068061 -3.1160887
41.6793622 -2.4388697
22.1850870 -2.9248197
72.7107093 -2.2384933
17.9666598 -2.9741631
4.1254744 -3.8645267
92.9635894 -1.9175070
94.0692541 -1.8390326
11.5773350 -3.1409213
6.0927410 -3.6041784
14.9640180 -3.0739353
80.5654032 -2.0821584
65.1634844 -2.1286900
82.8990212 -2.0593337
31.6749787 -2.5313979
29.7390659 -2.5739675
31.6084395 -2.6299938
71.3714257 -2.2047478
89.6834490 -2.0684243
99.7641702 -1.9396938
28.6931017 -2.7428331
17.5242249 -3.1207107
77.2212888 -1.9747034
47.8389381 -2.2354807
6.7340960 -3.4110972
94.2952050 -1.9919662
23.8778160 -2.7242950
52.3591461 -2.2396471
95.1852300 -1.9729597
35.7793801 -2.4360525
91.5080559 -2.0533041
96.8865491 -1.7953694
5.3910965 -3.8024281
56.9431538 -2.2927545
3.9463705 -3.7250048
48.6870529 -2.1746664
49.4851662 -2.3233917
20.8266818 -2.8768858
29.1477838 -2.7125823
58.9607498 -2.1328735
61.7383216 -2.2590873
99.8379536 -1.8932000
51.2244945 -2.5162183
43.3966581 -2.3020697
73.3327170 -1.9216626
34.5067563 -2.5747964
25.8659025 -2.8154136
22.5518488 -2.6944269
92.2080752 -1.9992367
71.3800120 -2.0856738
98.9920769 -2.0036417
95.8819412 -1.9286827
39.9789078 -2.4973969
4.6348101 -3.5503001
13.4077496 -3.0199843
78.1471967 -2.1216618
34.9462475 -2.5943367
43.4388477 -2.3630276
0.2896850 -5.4884114
76.2387171 -2.1416852
63.1865612 -2.1400225
50.7418806 -2.4004523
72.1691459 -2.2191672
95.4888600 -1.8947362
94.9547602 -1.9880162
78.9908953 -2.1054558
98.6473243 -1.9463968
14.1355176 -3.0036455
10.0951105 -3.4355071
14.9316662 -2.9936279
68.2247037 -2.0678337
66.0740608 -2.2619560
12.5085037 -3.1842016
29.5964304 -2.7559109
35.8622402 -2.4970957
95.9360554 -1.8403651
35.0327791 -2.6147310
89.6753253 -1.7339782
75.0554701 -1.9783476
84.6711801 -1.9500333
55.9942660 -2.2900431
17.5860643 -2.7852213
0.1975693 -5.6035856
67.5090398 -2.2413457
87.7259971 -1.9500446
60.8206780 -2.3575356
84.0407520 -2.1020462
80.7997122 -2.0429591
43.2962340 -2.4282306
1.0952509 -4.5022614
81.9862081 -2.0385256
34.3508520 -2.7065964
68.7761624 -2.0226960
30.6043977 -2.5355300
9.8560243 -3.3518035
63.5692000 -2.2278215
84.0661668 -1.9866639
36.4827681 -2.5457816
34.4695036 -2.5221592
39.6595056 -2.4882633
66.6116772 -2.2028065
47.0603973 -2.2874016
59.5412208 -2.2018650
68.0576808 -2.2039824
90.6365443 -1.9381366
9.1346559 -3.3710021
16.4207495 -3.1433513
30.2567909 -2.6571217
84.8780337 -2.0468683
28.3231066 -2.7985080
89.2154928 -2.0867755
88.7054993 -1.9448001
58.5699996 -2.2767706
76.1597526 -2.0259111
73.4626173 -2.0202651
14.7726867 -3.1364850
28.1836354 -2.5947847
14.9407999 -3.1947813
45.6769360 -2.3283967
28.3169644 -2.6342343
62.5098614 -2.2602899
56.8028454 -2.2382888
93.8965572 -2.0261205
11.8800688 -3.0478892
48.5877737 -2.3525643
9.0468965 -3.3359657
38.5153712 -2.5691672
68.7355950 -2.1204691
64.5382039 -2.0776476
33.2668978 -2.7260293
28.8266355 -2.5787037
19.9241599 -2.8433989
74.0841027 -2.1277132
2.7379941 -4.0698125
5.3841445 -3.5693144
58.4963762 -2.2349708
7.6737599 -3.5555634
75.5182184 -2.1105339
10.6388692 -3.2300090
37.3735679 -2.5627284
52.4019738 -2.2629140
85.5968808 -2.0649717
1.9197531 -4.3953128
60.6913448 -2.1597732
11.5591329 -3.0520543
79.1461046 -2.0444603
16.4076628 -2.9372007
96.0481271 -1.8873409
34.0555328 -2.6366286
44.6232260 -2.4400979
85.6715877 -2.0667212
64.6647175 -2.3155890
74.4846581 -2.0659897
67.2052140 -2.0030140
54.5110676 -2.4061150
83.4911395 -2.0362689
78.5109843 -2.1901175
8.0680998 -3.5308524
73.4920537 -2.1679551
17.9266046 -2.8641941
29.7162638 -2.5779603
63.0703018 -2.2057699
15.5930835 -3.0716459
86.8167980 -2.1082373
66.4949799 -2.2767205
25.2000341 -2.8081003
80.7771958 -2.1791909
43.5613572 -2.4296291
12.2737448 -3.0652112
18.2063184 -2.9187455
12.9220009 -3.2208068
71.4501036 -2.1795347
11.1683754 -3.3321121
75.5921549 -1.9760706
82.8851185 -2.2445603
76.7993510 -2.1620719
14.2262479 -3.0050734
28.8112264 -2.5902790
73.9276966 -2.0985489
88.1709463 -1.8752081
87.0410369 -1.9358006
55.9475617 -2.3751339
41.2249838 -2.2428644
97.5783087 -1.7907655
97.8704644 -1.9673733
98.1211837 -1.7406704
19.9972928 -2.9685423
29.0726714 -2.3416982
77.2822584 -2.0401360
19.0026132 -2.9606420
32.6709898 -2.6244690
12.9583238 -3.0139672
4.6743533 -3.6659982
55.9257871 -2.2832297
42.5317729 -2.3895158
40.5071820 -2.4892923
59.4123729 -2.1765836
52.6355696 -2.2437710
53.5636726 -2.3357201
85.4042869 -2.0580434
46.3244083 -2.4046057
93.8410163 -1.9513502
65.4518596 -2.2287237
24.0602276 -2.7772597
59.6600206 -2.2200022
16.1525448 -3.0678720
71.5792154 -2.2303182
58.5286133 -2.1348452
3.6180615 -3.8620688
21.2805150 -2.8171092
2.3017810 -4.0310996
43.6255555 -2.4038969
43.4356275 -2.4901098
17.6528274 -2.8463612
36.2038274 -2.5264563
59.1455686 -1.9948681
69.7335321 -2.3682892
5.3209824 -3.8191201
13.9293501 -3.0263055
53.8214031 -2.3079763
67.1618711 -2.2949931
15.5137075 -2.9032056
88.3643933 -2.0741828
51.4469292 -2.3158870
9.6226646 -3.3078688
2.0184044 -4.1548329
59.8356581 -2.2156409
51.9876842 -2.2639761
60.0578208 -2.3046178
2.3009351 -3.9938301
8.9008678 -3.4096720
23.1144569 -2.8246253
13.7826385 -2.9601730
54.6313901 -2.3381724
91.9984137 -2.0216160
34.7601517 -2.4849245
54.4838377 -2.3522268
86.8695709 -1.9355539
78.9140250 -2.0461891
7.1501056 -3.4969236
68.4606814 -2.0562305
