5.7432266 0.3977903
79.0955623 -2.1999340
35.9506918 -1.5855584
53.1429138 -1.6303655
97.6993034 -2.3866753
50.0387900 -1.6853556
77.7890326 -2.3199897
12.0344034 -0.1988935
76.5343630 -2.4321098
41.0923192 -1.9445457
32.7683789 -1.4468011
45.8212298 -1.9193772
25.7232705 -1.2739573
66.5305089 -2.0118844
48.5909801 -1.6453840
69.8642085 -2.0237694
47.4872803 -1.4413460
70.3345645 -2.2621290
38.0014580 -1.4526225
79.1997735 -2.0574201
90.1269472 -2.4703443
90.4294313 -2.3298227
98.9118345 -2.2696638
40.2079162 -1.8566022
3.9998018 1.0016590
82.8756789 -2.1558236
58.1382636 -1.9092524
12.1769910 -0.1782711
11.7377278 -0.1764691
95.8152068 -2.3599189
88.6560541 -2.5909794
65.0018991 -2.0033607
72.3378085 -1.8106234
7.5788149 0.3549475
12.8177209 -0.2891487
72.9139164 -2.1866295
51.9351801 -1.6061797
74.4683498 -2.3379310
65.2891952 -2.4387199
80.6018130 -2.2960480
49.1256033 -1.5196079
78.9506557 -2.4096029
57.6526761 -2.0218928
34.3797152 -1.4425458
52.5081600 -1.7573387
60.0772793 -2.0807358
23.4990362 -0.6937218
96.8054257 -2.3958778
76.4055013 -2.0874677
51.7795126 -2.1180062
13.8635473 -0.4677942
8.3094870 0.0188731
99.5361865 -2.8666952
17.0567000 -0.7590605
43.6824729 -1.8007909
93.5979751 -2.4664814
86.1853668 -2.3688074
55.0537307 -1.6738483
34.8034863 -1.5343195
27.7316948 -1.0281118
55.6666370 -2.0789199
15.3283157 -0.5805082
51.3430230 -1.6803543
93.7198765 -2.4302362
27.6798770 -1.3455354
91.3544884 -2.4475453
60.5636296 -2.1792688
63.6349839 -2.1623596
12.1504343 -0.3841255
0.7703444 2.5650898
98.2216857 -2.5215763
57.2234481 -1.9040129
52.2742578 -2.4024108
34.2280084 -1.3758942
8.9894650 -0.0177585
41.5000869 -1.6160231
85.4164463 -2.4261610
36.7412922 -1.7124708
41.0195064 -1.4062944
51.5701625 -1.7799075
15.5898911 -0.6982928
71.9215348 -2.4580010
9.7765862 0.0660964
27.7838565 -1.4009619
7.6915231 -0.0673134
67.6639021 -2.2783049
79.3622415 -2.1714768
74.5013941 -2.6054793
53.1425731 -2.0606893
91.4508053 -2.2920199
25.4514913 -1.2344380
82.2592415 -2.4995056
10.9124118 -0.3328569
60.6263442 -2.0143478
43.4159307 -1.2149923
9.6577842 0.0129346
5.6559909 0.6011959
53.6889519 -1.8944622
48.1961240 -1.7170024
64.2294231 -2.0718688
12.5325992 -0.5009502
32.5491567 -1.6734999
12.7422837 -0.5042958
52.5154464 -2.0407113
9.4007301 -0.0909403
95.6461445 -2.5801837
67.4682984 -2.3691216
71.0329155 -2.2789505
93.5088381 -2.4349839
80.3176483 -2.2645517
32.3736796 -1.2423114
69.9804703 -2.0382001
36.8914470 -1.5015683
67.0515076 -1.9552313
6.6864391 0.3886450
38.0042675 -1.4987114
1.5806560 1.8414748
95.6394924 -2.4678466
95.1414155 -2.4478393
26.9059766 -0.8773887
66.7922065 -2.1264357
88.4645027 -2.1584717
89.5549362 -2.5827359
46.7462447 -1.7153339
95.8305357 -2.2799561
93.5436984 -2.7452894
28.6929967 -1.0464908
24.7247633 -1.2777507
60.2313993 -2.1531665
53.6580165 -1.9060874
47.6222354 -1.8840275
50.6301212 -1.7871844
63.9845435 -1.9109546
22.9307354 -0.9724302
89.9106087 -2.4644681
86.7991412 -2.6997995
65.8198958 -1.9668801
75.4125814 -2.2056116
57.1473052 -1.7853418
14.1340075 -0.4525262
89.5567061 -2.4044028
31.7536237 -1.6622174
96.4904025 -2.6457080
66.2421921 -2.1345936
66.9987120 -1.7898218
32.7332076 -1.5108521
49.6906469 -1.4662292
81.0253738 -2.3838384
61.6885873 -1.9078195
4.1310960 0.7704985
70.9803393 -2.3421504
38.1674887 -1.7184365
90.3049444 -2.5454382
98.3716860 -2.4358183
54.5104953 -1.8277673
74.4221289 -2.3390238
98.0141851 -2.4981713
9.6327985 -0.2032229
27.8172363 -1.0664019
52.0199719 -1.5822207
6.3437162 0.2942659
82.0871567 -2.3095077
62.6402135 -2.1727178
50.1256505 -1.6586853
30.1948339 -1.4552281
35.2900051 -1.7625009
42.8881263 -1.4294467
13.7635465 -0.2458903
64.0133242 -1.8883581
43.9183646 -1.4869601
70.6295822 -2.3863507
29.7477520 -1.4467728
10.4637425 -0.2955790
1.2144877 2.4837503
31.9341759 -1.3973483
64.8001358 -2.2974646
24.2298281 -0.9267294
49.5083628 -1.8145920
18.8604981 -0.6769608
63.6412287 -2.0745828
16.1171179 -0.7707278
45.6033290 -1.7388986
20.0140237 -0.6724354
56.6797182 -1.8689213
64.8496174 -2.0403686
55.0958936 -1.9260958
87.1870547 -2.4607478
29.4058597 -1.0410852
81.6141725 -2.4289658
80.1670047 -2.2195008
57.5418631 -1.8948061
19.0869360 -0.8034601
73.0304777 -2.0982556
24.7359135 -1.2320339
14.9209984 -0.3043391
60.2881038 -1.9720792
5.5368677 0.4015561
8.9226789 -0.0588007
1.1415540 2.1552799
5.6186862 0.4597204
65.5964902 -2.3573186
41.2829102 -1.8599861
20.1938480 -0.9796849
57.1274048 -1.8986769
43.7012343 -1.5009145
72.9781099 -2.3210508
20.0819261 -0.8446214
6.5344149 0.6033051
91.5339785 -2.3711139
52.6820818 -1.8242249
76.9667769 -2.5421021
60.6895400 -1.8468685
85.1798107 -2.4094435
5.9846850 0.5589636
45.0319316 -1.6604067
10.6852699 -0.2690648
23.8518110 -1.0820783
77.0947013 -2.2409127
49.4978305 -1.8094478
9.5051303 0.0831339
57.2607252 -1.9773443
96.0332100 -2.4099851
56.4124339 -1.6567382
95.7855774 -2.2968685
87.8238943 -2.5068938
35.4726143 -1.3388021
21.2869589 -0.6789924
44.9957774 -2.0043459
43.2824389 -1.4462238
17.2777308 -0.9809218
42.0670128 -1.6280488
98.1171821 -2.5060369
37.6846282 -1.4445904
29.9384769 -1.0903842
61.3080185 -2.3250329
99.5950017 -2.9569971
32.2148763 -1.6126363
18.2454745 -0.6765103
98.6344080 -2.5024900
57.2713421 -2.2521741
91.3303498 -2.3407495
62.2718830 -1.9547827
18.8293652 -0.9069934
63.8061807 -2.3849671
37.9274701 -1.6132252
0.6491196 2.6573596
27.6747614 -1.2021944
47.4264697 -1.5513544
72.8208641 -2.0275151
40.4588756 -1.5865874
69.1078649 -2.0740191
78.7786252 -2.3917518
92.5363653 -2.3180568
34.2855145 -1.2426489
79.3360320 -2.2729587
18.2018287 -0.8285492
17.1050057 -0.7381385
60.0902615 -1.7720491
9.6331753 0.1135699
71.1468586 -2.2818686
96.5815334 -2.5862990
83.2779970 -2.4095670
35.0476286 -1.1294633
26.3795122 -1.3472610
17.3277641 -0.6702934
91.6111264 -2.5698278
89.8340128 -2.3707168
52.4230158 -2.1577319
40.9062549 -1.4371325
35.6446111 -1.4508946
54.5790311 -2.0234832
81.3684188 -2.4882829
93.6439382 -2.4159498
8.3397651 0.0724979
74.4766436 -1.8617509
40.1958451 -1.7999541
79.2130760 -2.0692524
18.9503875 -0.7550214
48.1470836 -1.9557490
28.1762457 -1.4054704
52.2273945 -1.5707734
98.8578029 -2.5731596
16.4818162 -0.6087403
35.5613953 -1.5044593
23.4103447 -1.0223561
75.6293170 -2.1069734
78.9357069 -2.1760393
26.4233465 -1.0015777
54.3113890 -1.9329361
14.0112865 -0.4124737
97.7797957 -2.5452543
16.4053794 -0.6648570
46.4225946 -1.5199813
55.2181692 -2.2176731
35.1635506 -1.2450758
22.0784745 -0.9675090
90.2028084 -2.5436217
16.4766673 -0.4956753
1.8775909 1.6104731
39.5327876 -1.5398034
33.2592320 -1.2939158
25.4356856 -1.0453201
89.1002219 -2.4714205
56.4257168 -1.8772266
99.0828053 -2.5732007
73.4686532 -2.2182117
11.1622753 -0.1382125
59.9448398 -1.9050830
81.8093441 -1.9795876
67.3380221 -1.9079383
21.2077482 -0.9599828
64.8000451 -2.2918125
8.8555809 0.1634471
79.5764556 -2.3416713
45.3303381 -1.6893613
66.9457602 -1.9924199
18.7442308 -1.0922668
93.9092488 -2.2588331
58.5362137 -2.0323682
69.5464250 -2.2065305
73.7721529 -2.0281607
23.6628078 -0.9127142
18.9848814 -0.8355492
19.7128492 -0.7467218
21.4282061 -1.1015409
27.6096908 -0.9566719
9.6340461 -0.2073669
77.9541951 -2.3855455
34.3429655 -1.6710058
68.2033038 -2.0512144
42.1943797 -1.7625691
84.9617912 -2.1415079
32.2317268 -1.3810254
77.8043505 -2.4949768
86.9641152 -2.2624299
54.5916364 -1.6834343
84.3562262 -2.4238714
14.8475765 -0.6614993
48.8694162 -1.8052526
64.7372867 -2.2066995
64.7137628 -2.2325805
76.9818887 -2.2946284
21.7995253 -0.7840319
40.8008303 -1.7797117
76.6184664 -2.3230410
21.2885276 -0.9023833
29.7712965 -1.2379208
28.7212018 -1.6379254
3.9988735 0.9200713
55.1760756 -1.9592947
88.6832996 -2.6915046
67.3739625 -2.2757104
68.5318394 -2.2216033
27.9279158 -1.2327686
99.0154343 -2.4850121
48.9012505 -1.6600255
59.0688104 -1.9977067
94.3207658 -2.7643770
52.0612540 -1.9848756
79.1047205 -2.1984131
3.8298154 1.3448647
46.0864586 -1.7646243
13.6788629 -0.6511919
74.1636403 -2.1937086
97.8739741 -2.5833803
67.2149917 -2.3877500
0.2692034 3.5652648
0.3056398 3.7371064
29.2010069 -1.1682212
82.4119295 -2.1411374
30.7570912 -1.0586844
61.0151297 -1.8529832
97.4946193 -2.4428895
66.7450119 -1.9048505
70.1015705 -2.1722569
42.0801402 -1.9282485
4.7015078 0.9622308
79.2220376 -2.3847028
38.7577419 -1.4762893
76.7150944 -2.3686887
91.0621192 -2.4551437
74.0258930 -2.2901583
71.2340076 -2.0604795
51.9313018 -1.9559686
96.1828022 -2.5317813
82.2766598 -2.2616693
60.6175988 -1.9260553
94.4504190 -2.5887214
11.1352043 -0.2227919
9.1264309 0.1742253
29.6578581 -1.1566302
57.4128638 -2.0019634
56.7958041 -2.2398145
36.3415220 -1.4821377
96.0472110 -2.3654962
36.1658087 -1.4149549
99.6756216 -2.4668876
67.9865885 -1.8107606
60.1229327 -1.9440507
71.7484055 -2.0288576
56.2395420 -1.7351217
61.5082574 -2.1722541
51.4292618 -1.9762194
59.4703012 -1.6889368
22.9794598 -0.9331829
50.9376125 -2.1063054
60.1430162 -2.0675546
57.6264067 -1.7482506
58.8779645 -2.0698891
86.6569970 -2.5968379
81.6093060 -2.2757610
1.9635971 1.8834260
43.5104429 -1.2894185
19.0086883 -0.5291185
3.8951630 0.9124451
44.4988829 -1.7408132
64.9384570 -1.8646727
48.9306672 -2.0363091
69.2767468 -2.2916599
24.3158487 -1.4800200
22.6034896 -0.9818676
5.3740965 0.7125350
95.5501580 -2.4290554
38.8089530 -1.6175063
89.0945249 -2.3384340
85.5018285 -2.2463861
69.3707551 -2.1965701
71.5404843 -2.2754185
45.7218887 -1.6683980
73.0350564 -2.2483943
83.1300156 -2.4094293
86.9677518 -2.3968095
58.5294639 -1.9768559
96.4221861 -2.5490637
16.6184452 -0.9051439
75.7783537 -2.4347839
52.7897271 -1.5562232
98.0640426 -2.6078509
1.9424867 1.5480589
12.7311399 -0.2910063
35.2815024 -1.5940016
45.4373561 -1.9576997
62.4938617 -2.1719401
53.0516414 -1.7931439
60.8744301 -1.8019239
67.3290927 -1.9553707
88.9882138 -2.5216668
74.7644650 -2.1052072
11.3925264 -0.1824496
72.2496467 -2.2030254
31.0212560 -1.3426697
6.8840947 0.1592877
56.3092438 -2.0725327
49.0493751 -1.7985293
20.7241501 -0.8294119
3.6627421 1.1182456
9.4162062 -0.1559451
45.6109725 -1.6539960
7.9750815 0.2795630
85.3510350 -2.2367459
90.0990500 -2.5096851
25.2269452 -1.3057056
57.1248901 -1.8752398
99.9104196 -2.5175834
96.4924561 -2.4054782
33.3035837 -1.3608104
1.2861474 2.0515070
27.6173149 -1.2678832
84.1193362 -2.3323093
75.3413619 -2.1370509
37.1894480 -1.3324901
29.2266825 -1.3512353
58.3630821 -2.2006626
73.6043892 -2.2309533
32.4345968 -1.6042201
56.9329420 -2.0103083
39.2022499 -1.6123854
11.3093028 0.0860842
44.9315510 -1.6619536
3.6377410 1.0476102
77.8701057 -2.2491002
99.9682721 -2.3565855
61.9684507 -2.0233084
71.6020162 -2.2950383
84.7508693 -2.3840233
42.7854271 -1.3630508
46.6535529 -1.4394620
27.9578793 -1.4814521
29.2448941 -1.1854883
11.6821315 -0.4241137
6.9386025 0.3791561
96.8781303 -2.4594896
62.7138460 -2.4544257
34.4685140 -1.1632488
83.0996187 -2.1616923
86.0586929 -2.5599509
85.0548605 -2.5871697
6.3956510 0.4781337
14.8690445 -0.5767800
68.1976211 -2.1273561
