-13.6678282 -1.1052486
16.6745682 -2.0425399
5.5222135 -1.1686788
7.4097651 -1.3233661
1.5982259 -1.6866695
-15.9367554 -2.1011824
-4.9422216 -1.2047405
-0.3355989 -0.5809281
-14.5143198 -1.3782595
-8.7614377 -2.0151069
23.0320322 -2.0401408
-5.9776262 -0.5826974
-14.8749592 -1.7572956
8.6358502 -1.9147214
-0.6358906 -0.6909984
17.5246164 -1.5742028
9.8637901 -1.8386852
1.1968199 -1.2243642
15.0891277 -1.9141951
-13.6965441 -1.0065731
-9.4849425 -2.0057265
1.4587190 -1.3607523
-8.3744328 -2.0295021
16.8930365 -1.9841078
3.0686279 -2.4482858
15.3034764 -2.2314729
2.5664461 -2.1896793
-13.3690751 -0.5796916
-9.3141312 -2.1545861
12.8355669 -0.3103819
-2.9283983 -2.0654544
7.8702212 -1.3663942
13.1021239 -0.5355941
-0.6169763 -0.4700395
1.8360945 -1.7142804
-15.2673603 -2.0694722
-1.5925939 -1.1975362
-2.3336772 -1.9599874
0.5341093 -0.6820410
20.8952593 -1.6919048
15.0284205 -2.1385603
16.8045422 -2.1934986
8.5791086 -1.9386354
14.4659360 -1.5256583
8.8038125 -2.1310824
14.8600434 -1.7437549
3.7635646 -2.2762192
-12.2973659 -0.6137924
9.5821884 -2.1336420
-13.9428723 -1.3343074
-5.4632530 -0.8641271
6.1134581 -0.6137542
16.5271937 -2.1197975
-14.0688972 -1.1654453
9.8723248 -2.1215099
6.3338698 -0.5420169
8.3750852 -1.9972353
7.6822919 -1.2296303
10.5629379 -2.0206482
-10.3971030 -1.9404960
7.9424088 -1.3716323
18.7666033 -0.7904593
21.0457528 -1.8409145
-14.1636930 -1.1680147
1.4772983 -1.4760252
2.2117323 -2.0745849
5.4281202 -1.0496927
-5.7668511 -0.8121373
11.5680829 -1.1519582
-11.2628456 -1.4450576
-0.4076244 -0.9263299
23.0854399 -2.0702130
6.3098306 -0.4936630
-10.7824596 -1.9489557
-10.2772478 -1.9935758
4.6486913 -1.6980165
7.5200421 -1.2025408
-9.9146875 -2.5020576
0.7992450 -0.7976684
-9.2473853 -2.2239228
-12.2953166 -0.8501636
-6.8059294 -0.7462789
-11.7375660 -0.9294170
14.1734759 -1.5446971
22.0921449 -2.0800271
-7.2216676 -0.6928261
9.2504835 -2.2594284
9.5282184 -2.2525261
-13.8946002 -1.1486274
21.9873632 -2.2991583
-4.9455577 -1.0979604
10.6962380 -1.6775512
19.4161049 -0.8467224
6.6752422 -0.6781840
19.7236068 -1.0107276
22.6272829 -2.0476983
-0.6286875 -0.5615387
-3.9802359 -1.8744959
-15.5324498 -2.1862447
10.7718239 -1.7450682
0.4790644 -0.6170046
-0.7654932 -1.0608321
7.6101902 -1.3663498
9.1269525 -2.3316534
19.6688290 -0.6801749
-1.3986532 -1.3282788
15.8382122 -2.2855276
19.7990366 -0.5448706
-14.5706334 -1.5537920
15.9670796 -2.0887969
-3.3806105 -2.0314208
8.9409215 -2.2149249
-11.8444801 -0.5424597
20.5114429 -1.1990154
1.3998736 -1.4015396
4.6305262 -1.4286489
12.4914537 -0.3114392
11.1927994 -1.2490944
-8.0183524 -1.5572870
-12.3155434 -0.7619159
11.3211998 -1.3342321
-14.2329497 -1.5147764
-6.8848528 -0.4582208
12.4142370 -0.6384733
20.3677893 -1.5241531
23.3229498 -2.1380182
15.5586926 -2.2768558
-7.3489237 -0.7749788
-7.1062707 -0.4856339
6.4317254 -0.9311469
-1.9987015 -1.8054324
0.1969148 -0.6142247
23.1624454 -1.8168497
20.1268360 -0.8830348
12.3917362 -0.9769353
18.9448257 -0.5056162
0.1381917 -0.5191368
-10.1915730 -2.0606182
17.5536399 -1.3884917
-1.8579564 -1.5705045
-9.6416273 -2.1887915
-5.2983741 -1.2303018
16.0995105 -2.2100408
5.7438725 -0.6193293
-14.6765120 -1.7031911
-1.9156520 -1.7619045
19.2122150 -0.5863065
-14.1605024 -1.4891815
8.5325994 -2.1130671
17.4582951 -1.4928501
16.4381854 -2.1641954
-7.5760124 -1.1989048
-5.3912581 -1.1061878
-1.4135205 -1.2706123
-15.6020426 -2.1996914
2.1218580 -1.8653757
23.9049817 -1.5907081
-13.3032439 -0.7246178
21.5238383 -1.8546695
17.8082573 -1.3296836
-11.3637195 -1.3341731
6.4477604 -0.5298785
-1.8818217 -1.5387801
3.7701567 -1.6860217
0.7498782 -0.8839211
18.9950137 -0.5504009
14.3565061 -1.4217148
-9.3560983 -1.9804033
14.2411236 -1.5161386
-6.6565690 -0.5558480
0.2348421 -0.7714955
-8.8924336 -1.8678372
4.5268412 -1.7507288
-0.0180932 -0.5801415
1.4933563 -1.2296229
-7.1318431 -0.8536524
-2.5520698 -2.0743276
14.9381664 -2.1763365
-8.5859910 -1.7798207
3.5540423 -2.1857715
-9.4311267 -2.2098283
-13.6958451 -1.1023931
2.2537668 -1.9705045
6.5167995 -0.6959452
14.3688662 -1.1861120
-9.9367369 -2.1033354
-14.7957685 -1.9151679
15.1314002 -1.6262433
-13.3548227 -0.3696279
-8.4754433 -1.8358486
12.5907844 -0.6068266
15.7476948 -2.1369346
9.4032293 -2.0063912
-11.1436515 -1.5131129
10.6872448 -1.9316937
-8.1520447 -1.2860247
4.4295411 -1.5324720
5.8919612 -0.5977565
21.0442270 -1.7147882
19.9716138 -0.6542234
-11.3260950 -1.1939298
8.7966438 -2.2375836
-13.6329370 -0.8574188
10.6173681 -1.7646780
17.3053183 -1.7491287
-2.0830256 -1.8572501
-12.1593426 -0.7426130
-4.7393416 -1.3417811
-14.6825900 -1.4774637
9.7852602 -2.3425503
13.1805575 -0.6678558
3.9691671 -2.2033038
8.4456117 -1.7050385
-9.4433327 -2.2978788
22.3046583 -2.2196063
-10.5451510 -2.0777961
18.4966562 -0.7520007
-9.3536292 -2.4464257
-11.6618906 -1.0215515
-7.6253875 -1.0320474
8.9809467 -2.1560617
8.7809020 -1.8363198
-6.1104254 -0.3596069
-5.9003477 -0.9238295
13.7966526 -0.8529593
11.2467935 -1.3134889
-12.4378330 -0.6850022
23.8718101 -1.4504519
3.8077923 -2.2828048
17.5233190 -1.4305900
16.3807900 -2.2335090
-7.0389909 -0.8954112
0.4641763 -0.8633901
5.4327163 -1.0097314
18.2213536 -1.0518954
10.8947574 -1.7364177
-14.3954456 -1.3883472
-12.0162551 -0.9695622
22.1478744 -2.5829033
2.9564989 -2.6015332
7.1422467 -0.5907234
-6.2857682 -0.7860568
-4.8462179 -1.0592193
14.2131038 -1.3854418
-15.7224999 -2.4552625
-12.6409724 -0.4809109
23.9267673 -1.3363011
-10.2162271 -2.1194085
6.8459421 -0.6349884
5.1008022 -1.1342104
-8.0409256 -1.4766952
5.1395515 -1.1436172
7.3367088 -0.6567676
12.9360343 -0.6314672
16.6501080 -1.8226547
-8.1270108 -1.5262446
19.7732731 -0.9093294
-11.3937418 -1.2773923
8.9464257 -2.2264386
6.7691561 -0.4242537
18.0607621 -1.0147079
20.4720304 -1.6096905
1.3001706 -0.9983318
8.7127196 -1.7935028
-3.5398879 -2.4280759
-13.9827874 -1.2193122
23.7321493 -1.4589329
23.6957945 -1.4931737
-10.5184163 -1.6297185
5.5699535 -1.1094814
-6.0220785 -0.9990036
-4.5307317 -1.8144375
1.5775603 -1.5632122
19.0869692 -0.5069862
-10.3577116 -1.7589941
4.4343145 -1.7270322
7.9812201 -1.5256921
17.4981720 -1.3013826
5.3208928 -0.5976708
-6.8763513 -0.7810653
12.3492625 -0.6496889
13.2501684 -0.7700430
-3.0920370 -2.1360615
8.3689702 -1.9480199
20.5818089 -1.3308856
-2.7366501 -2.1692066
14.9028587 -1.9459631
5.0985073 -1.3413948
20.2546943 -1.0867543
17.3386021 -1.6733663
-11.5043070 -1.2853102
-0.1780106 -0.7122365
-3.5992509 -2.0248725
-12.2986811 -0.6882363
20.7767505 -1.6331531
4.9024393 -1.5263442
17.3532271 -1.3657139
17.9659464 -1.0140496
5.6074902 -0.6336300
14.7841158 -1.9817190
-9.7881458 -2.2085141
3.8664395 -2.0273342
-10.8134823 -1.7500652
10.0962496 -1.9674207
-10.7357849 -2.1073651
-0.6236942 -0.7076386
22.9259595 -2.2632681
19.3305421 -0.4633665
19.6136978 -0.7451457
23.9057102 -1.6014742
3.2234416 -1.8512756
-15.8593105 -2.3502073
9.1105719 -2.0296544
4.8396220 -1.3342367
-8.0200555 -1.1394347
2.9656482 -2.1415947
1.7448182 -1.7417763
20.9770477 -1.4030584
10.8229477 -1.6018115
-11.7158733 -1.0117448
13.1998046 -0.9735629
21.0208868 -1.6152450
-10.5187006 -1.9710410
12.5691790 -0.5373240
17.8625984 -1.3523335
5.1836563 -0.9508183
2.8338676 -2.0885376
8.4239713 -1.8463053
11.1507852 -1.2527343
12.2465369 -0.7629239
-8.0075790 -1.4899618
5.7556913 -0.6441254
10.2306043 -1.8478744
-0.3327319 -0.6089436
4.5407277 -1.4880991
-12.3628004 -0.6121498
9.0335379 -2.2173229
-3.8034430 -2.1177498
-10.0079904 -2.2873104
17.3778263 -1.5901215
18.6499069 -0.6411537
-13.3344979 -0.6677581
-6.4939691 -0.4848630
-14.0409153 -1.2768055
20.7074071 -1.6771346
-11.0965344 -1.5724815
-4.4161292 -1.7135988
4.5185617 -1.8135447
9.7053070 -2.0347256
-4.0613431 -1.8512520
9.3385908 -2.3600333
-5.0152740 -1.4164625
9.0577129 -2.2128779
-12.5599645 -0.5371784
-4.5361280 -1.8393767
23.2882130 -1.6614006
0.9300430 -0.8776403
-9.7627580 -2.1020239
16.0874572 -2.3966389
-10.4009759 -1.8830600
-2.9011475 -2.1537023
21.7264818 -1.9385158
6.2489642 -0.8574359
-1.8982632 -1.6558356
-0.9808901 -1.1567834
13.3349035 -0.4892632
20.9485907 -1.7415878
-13.9160452 -1.2701015
11.1615571 -1.5500031
-10.4249361 -1.7495936
-9.3639742 -2.3088821
-8.5446524 -1.7162348
-15.8665127 -2.3726597
-10.9405403 -1.6852667
4.1014773 -2.0346253
-3.4720595 -2.1062414
23.2032665 -1.8896418
20.4383458 -1.2050903
-15.5653734 -2.1005606
8.6503473 -2.0128997
-2.6544972 -1.8660547
21.1738205 -1.8187420
-8.5114065 -1.7252117
-2.8448890 -2.2204598
9.8608551 -2.2033139
18.9987354 -0.6383173
19.5679711 -0.6007911
-11.6117684 -1.5434815
-0.4581119 -0.3539322
-0.5391379 -0.7339607
7.0354499 -0.7483270
-13.7862980 -1.2307143
-1.0933965 -1.0724441
-12.9102436 -0.6320711
15.3727386 -2.2132564
-14.1722105 -1.2645874
15.3519563 -2.0839874
18.5098767 -0.4354183
23.2115261 -2.0743827
-10.7954426 -1.7342144
-5.5010511 -0.8354569
5.6467236 -0.8226770
-1.7824128 -1.7724251
9.7843016 -2.1597091
18.0339378 -1.0331554
22.9811660 -2.1577108
17.8418905 -1.1549925
11.8172885 -1.1489766
-10.5382701 -1.6642224
7.9596581 -1.2537860
22.8328144 -2.3924517
2.6896999 -2.0656277
23.1037118 -1.9088557
17.5319393 -1.2941081
-2.1213006 -1.8966966
-15.8863176 -2.0898300
-15.0623460 -2.1965787
-4.9501127 -1.3269816
12.0470111 -0.8485848
-4.1054402 -1.9410454
3.2680667 -2.4372713
11.2230871 -1.2517316
-2.0394657 -1.8810492
12.4676918 -0.4861544
4.2640293 -1.7592372
-6.7555788 -0.6725760
-9.8742529 -2.3298978
-15.1952292 -2.2073638
-13.5912251 -0.8734521
22.3652144 -2.1178765
-11.8175862 -0.8180241
13.1603545 -0.8311207
11.2817175 -1.2943922
-7.5413088 -1.2061304
3.2605593 -2.1915390
8.9387653 -1.7688620
15.6155578 -1.9453220
-8.2097048 -1.6749252
13.6080667 -1.1087357
20.3630329 -1.0794701
23.0710661 -2.0134425
-15.2408139 -2.0380778
-7.9852498 -1.4044482
21.9114448 -1.9562904
-13.0740815 -0.6700242
7.3641084 -0.7538296
-1.0923494 -0.9690226
-12.7557629 -0.6736500
-6.6340757 -0.5308835
-9.1623902 -2.1659745
6.8554147 -0.4707171
-8.2680768 -1.5860056
2.7140365 -2.1412265
2.9457538 -2.4697526
-10.3592097 -1.9325737
-3.8135190 -2.0280081
5.1530164 -1.1492550
9.8040007 -2.0747029
-6.7937443 -0.6573290
18.4016868 -0.8859809
-14.5980994 -1.9467647
-3.5587815 -1.8934532
-8.1369583 -1.6066872
6.3674496 -0.6364687
-6.6745892 -0.7997103
-4.0706252 -1.7508639
20.9380260 -1.4855976
-9.4231535 -2.3689251
1.3224335 -1.4018559
12.2316400 -0.7612784
7.9885426 -1.4331994
23.8713166 -1.2292809
4.6281960 -1.5945368
18.4001330 -0.8765887
9.9206275 -2.1015655
-10.6946423 -1.7444049
-2.9543143 -2.3506413
3.0539484 -2.3513947
14.0126315 -1.2766803
-13.3991870 -0.4275557
21.3637823 -1.8825337
6.3551199 -0.7143283
0.1501146 -0.5728028
7.5533741 -1.2569281
-9.9541401 -2.2519860
20.1063737 -1.1199434
-7.2580365 -0.8970641
13.6930063 -0.7686779
21.8059259 -2.2935384
16.7716741 -1.7634359
-0.8137459 -0.8737027
3.3076008 -2.3996595
21.8520099 -1.9685676
15.9806175 -2.3566468
19.8215530 -0.8104074
22.7879124 -2.0282271
-3.6092329 -2.2272930
-5.3809751 -1.2407640
-4.6283018 -1.3444404
-0.7018423 -0.6186151
-15.7683106 -2.4198026
-9.1902539 -2.1268807
6.6040796 -0.5882229
-2.7379516 -2.3033911
1.3575046 -0.9072206
13.9381108 -1.3226544
16.1052110 -2.4851238
9.7493030 -2.0800467
-2.0521189 -1.7176579
16.6256543 -2.0867306
3.9854764 -2.0318853
-12.7498867 -0.7426633
4.3380777 -1.7904281
14.6256131 -1.4952030
-14.7412173 -1.9142350
21.6581503 -2.0343629
-12.5817008 -0.8260134
4.1745047 -1.9120325
-9.7368947 -2.0255161
5.7379807 -0.5811623
-2.5516093 -1.8935133
11.2642232 -1.6249558
-15.9743889 -2.2622896
-7.3857064 -0.9347122
5.1097792 -1.1371636
12.4791221 -0.5234159
2.9497940 -2.1672251
15.5439300 -2.1313389
16.4928955 -2.0773586
18.9327489 -0.7419739
-12.2115240 -0.5044054
15.9614311 -2.1150771
-1.9950251 -1.6654471
6.1298018 -0.6605194
6.4309865 -0.6138644
2.5078231 -2.0286142
-11.7075726 -0.9986313
8.8506411 -2.0264264
12.2626389 -0.6600901
18.5734838 -0.9990772
-12.5688516 -0.3487728
0.2547040 -0.3356990
23.3573645 -1.9643228
18.3940937 -1.0597661
5.3330358 -1.0367133
20.0772861 -0.8356745
-15.9560405 -2.2870557
21.5441188 -2.0510114
-14.7835308 -1.6314574
-9.8283895 -2.3561614
-11.4583994 -1.3757842
-0.8867448 -0.8396712
16.6974761 -1.9005116
10.2725454 -2.0194407
8.9775733 -2.1059126
17.8628551 -1.1430359
14.5408319 -1.6789444
23.8019861 -1.5001481
18.7622802 -0.5646425
23.7028418 -1.5684840
-3.8674043 -2.2815598
22.8695043 -2.1806425
4.3296063 -2.0409601
9.6479111 -2.3035550
22.0976122 -2.2349077
12.5406399 -0.7353677
-8.7304065 -1.8672153
-1.9432820 -1.6964345
-9.8612673 -2.1660344
-9.3138181 -2.3051612
11.5090628 -0.9829718
8.4139588 -1.9631464
-13.0657015 -0.4857000
-2.2484391 -1.8509773
5.1199689 -1.0688197
-14.5331898 -1.5441999
16.1083602 -2.2736733
19.5555165 -0.8177859
0.0478020 -0.5933600
-8.2340781 -1.6336433
5.7370045 -0.7420278
4.4148450 -1.7475159
-2.9360630 -2.1366427
4.8377081 -1.3376542
15.2601012 -1.7696242
6.4830838 -0.2822936
20.8090332 -1.1509898
1.6677694 -1.3253632
10.2217430 -2.0151033
-11.1839958 -1.3948304
22.2700558 -2.2388030
22.1315276 -2.0552246
4.1013517 -1.9414375
-8.7534447 -1.8314695
0.4337908 -0.8066881
-7.9589170 -1.5477747
-3.9837567 -1.9247018
-13.1122590 -0.4940971
1.7658070 -1.5467298
9.5754459 -2.0675873
12.9683770 -1.0140876
0.0761705 -0.5150436
10.0999352 -2.3906536
20.3892985 -1.1986408
-13.4129434 -0.8849078
-3.7345625 -2.4605987
-5.2993774 -0.8516117
9.1951028 -2.0479452
19.1776599 -0.4875187
4.5484259 -1.5805939
17.2171076 -1.6061856
11.9839191 -1.0660396
15.2159374 -2.2298116
20.9934597 -1.2998810
13.5131165 -0.8912109
8.1842339 -1.7331500
11.4172603 -1.2373091
-14.1681105 -1.4589676
1.0308676 -0.8554657
-10.2523620 -2.1105028
9.7743667 -2.3395489
3.6942920 -2.2975267
-8.6994290 -1.8349348
15.4261593 -1.9697787
-10.3356228 -1.8055925
16.9164675 -1.9411489
-3.2220666 -2.2803461
16.8402550 -1.8916231
4.8499500 -1.2986705
0.7938557 -0.9502328
11.5573887 -1.2460254
9.9054356 -2.6155499
-1.1952098 -0.9512397
16.1317011 -2.0481357
7.4460434 -0.8602784
19.3810328 -0.7147680
-4.5551753 -1.6532904
-11.1967382 -1.3223667
7.3965878 -0.9329743
16.2633916 -2.3712729
-10.2521398 -2.0775813
-1.2789096 -1.3847087
1.8460432 -1.5788036
-7.8043080 -0.9473475
17.9167800 -1.1513849
19.7951839 -1.0248828
-1.0388132 -0.7961319
6.1133143 -0.6343884
9.8278866 -2.1630088
-10.1261708 -1.9045280
14.0700658 -1.2797114
-3.9706509 -2.1754665
-13.3623625 -0.7420427
20.7443737 -1.4082182
11.3433279 -1.3257300
8.9577753 -1.9303325
8.0065822 -1.1699939
-1.0083497 -0.9558708
-7.2527960 -0.9959090
5.8274279 -0.2952622
7.1695338 -0.5779731
14.0604081 -1.5048388
-0.8049492 -0.8924922
0.9723237 -0.7861440
7.3758800 -0.7790597
1.8585119 -1.5483265
-14.6167697 -1.5293323
1.5188085 -1.5652925
11.6939383 -0.9915697
20.9618952 -1.5577895
-12.9316465 -0.4370464
-2.9103029 -2.1551624
-11.7814722 -0.9040150
-2.8226757 -2.4994028
6.3748810 -0.5385558
10.1730389 -2.0934582
17.5494808 -1.2867033
14.0516476 -1.0837837
-0.1816640 -0.7068117
9.4970776 -2.1722768
17.7579562 -1.2995398
16.4019471 -1.7879274
6.9229974 -0.9814564
-0.5606081 -0.7874591
21.7555646 -2.0298471
7.2837642 -0.8771347
17.6717399 -1.3795684
23.1213994 -1.7250210
7.5257117 -1.0146640
0.8220034 -0.9567184
-7.1231417 -0.8153401
0.7110622 -1.0127147
1.7991284 -1.7654204
10.5740274 -2.0510495
-2.6261523 -2.0344507
10.0372304 -2.2668924
14.8355703 -1.9902672
21.2592476 -1.7518170
12.7067389 -0.4308213
3.9522788 -2.0374178
-5.5298709 -0.7152997
2.1180229 -1.5656224
4.3596293 -1.8362950
-15.3060651 -1.9528799
-10.4620696 -2.0318886
11.0584755 -1.5074286
17.5023667 -1.3028572
-15.9129399 -2.1293315
-8.6360944 -2.1001939
-4.8277850 -1.3945244
11.8179972 -0.9172785
5.8847336 -0.7688090
-12.0026505 -0.9616062
-14.4916793 -1.3721177
19.2186777 -0.5079456
1.6454972 -1.4251635
6.4654305 -0.7071247
18.1969273 -1.0259390
-10.7139416 -1.9010503
7.7444692 -1.2583397
5.9540458 -0.9445724
13.7251119 -0.8821747
-9.7220024 -2.2583166
16.1252107 -2.2896655
8.9718117 -1.9108990
-11.7737597 -1.1399674
-1.3690260 -1.2942565
18.3721676 -0.8509594
-6.6904731 -0.4782204
-11.4336140 -1.1376170
3.7672186 -2.0432751
14.1021179 -1.2194908
5.3599454 -0.9417188
-14.0758739 -1.1983620
-6.1785166 -0.6968889
20.6100087 -1.1150815
5.7282535 -1.1459528
4.7872932 -1.4452584
12.8236221 -0.8448751
-6.1529840 -0.7421735
22.1424782 -2.3318191
-4.4836026 -1.6262955
-10.3480798 -2.1444602
14.1699395 -1.4460032
0.6246638 -0.6234047
14.4027467 -1.7545735
1.2074107 -1.1536936
-11.0988875 -1.5354762
-14.2761107 -1.2103613
12.5016880 -0.5535189
4.9957509 -1.4507214
1.3237291 -1.1462449
20.0575829 -0.8588428
1.1764408 -0.7876412
-1.5541027 -1.3100159
-10.0288934 -2.1757866
5.8806626 -0.5358824
-11.9699707 -0.6469472
-1.5027148 -1.4607976
8.7376056 -1.9654090
22.0144418 -2.2551106
23.6723664 -1.8987433
17.5296710 -1.4615845
-15.2652722 -2.0886723
11.2747329 -1.2561135
17.9780967 -1.1620342
17.8919024 -1.0159446
-9.7057425 -1.9722251
-1.7995060 -1.6527795
-8.9496285 -1.8877612
-2.6785780 -2.1789564
10.1505264 -1.8213733
17.2644971 -1.5956800
19.5879644 -1.0629851
-4.4670781 -1.7058487
-7.8458548 -1.1516255
-6.3692532 -0.8839810
17.3411391 -1.4591438
8.1380892 -1.6843257
9.0529502 -2.1605057
6.2360126 -0.7755707
-14.2532282 -1.3197278
22.1126086 -2.4575281
7.4170805 -0.9783953
-6.1965360 -0.5247048
18.8215275 -0.7045039
-11.9315262 -1.0699583
14.9776148 -2.0262697
1.2512833 -1.0355847
19.5611016 -0.9862227
16.0982779 -2.5431724
-10.7321556 -1.7846557
19.0184529 -0.5951812
-4.7184060 -1.6535558
-0.5770139 -0.6718762
16.7353233 -2.2355738
-3.2431763 -2.4102070
0.1451532 -0.6989051
-12.2589562 -0.6197228
22.3790116 -2.0359754
13.0828918 -0.6655470
-3.1108883 -2.1261309
18.3286243 -0.7233257
19.2090997 -0.6488529
18.4102361 -0.9668242
-2.5349820 -2.1761561
22.9726105 -2.2643656
-0.9196911 -0.6867846
20.1899906 -0.9350133
10.4074909 -2.2083134
22.7507348 -2.1949862
-10.5841480 -1.8618159
-15.1579172 -2.0183361
9.8582892 -2.5038343
15.8619693 -2.2770647
-4.0174678 -1.7756887
7.4593260 -1.2147980
-4.7232936 -1.5264836
-14.8886617 -2.1112082
7.9016108 -1.4583612
-7.8433113 -1.2884426
-2.5186993 -1.9428127
4.1249717 -2.0230763
-12.7479710 -0.4500531
21.6941459 -2.1713751
11.4472774 -1.2548760
1.2117930 -1.1414149
12.1626041 -0.8436865
9.5905934 -2.2537299
-6.5675298 -0.8358152
18.4186001 -0.9513256
19.5528875 -0.6088871
4.5257725 -1.7837270
-9.6413724 -2.5272553
7.9559595 -1.2164657
-5.9561892 -0.8867273
11.2324281 -1.3731325
19.4973837 -0.8171740
22.6347197 -2.2688976
-0.6012576 -0.8675194
-10.5271934 -1.7768085
-9.6470974 -2.0401532
-2.8656036 -2.2484926
-9.9550840 -2.1282221
23.9319122 -1.3257840
1.8285341 -1.7710476
-8.7360995 -2.0152935
1.1279647 -1.0335172
-12.5789944 -0.5195820
4.1788096 -1.7356217
16.4175746 -2.1665793
-10.3409322 -1.9555002
11.6954273 -0.8441609
1.3207857 -1.2574537
9.0886706 -1.9417445
9.9255870 -2.3671324
8.9789292 -1.7333203
6.5924838 -0.5970653
1.0901848 -1.4121025
19.1307598 -0.5535054
15.3288380 -2.0356763
3.1016186 -2.2890176
-14.2634647 -1.3647866
8.3912187 -1.6909623
-1.9739213 -1.6900898
3.6945901 -2.1183351
-7.7512961 -1.3352513
-9.4033643 -2.4350397
3.8343217 -2.1974200
9.5528880 -2.3482853
11.8207000 -1.0777489
12.3849657 -0.5458042
1.4437226 -1.2085848
4.5357945 -1.5107156
-8.5583827 -1.9625567
-6.1396506 -0.6510184
18.4721466 -0.7779916
23.6503574 -1.8170350
5.7253715 -0.7153478
10.4650334 -1.7781831
12.4303916 -0.7705536
-2.6325604 -2.0896201
12.9774869 -0.6743737
-5.9290214 -0.6455921
19.9950824 -1.0083008
15.1930396 -1.9697517
21.9524269 -2.2727762
19.8073570 -0.8883070
22.3848428 -2.2127261
-10.9748027 -1.5069443
-4.1008297 -1.7564282
18.3665209 -0.7388821
14.3758414 -1.3453011
5.9787694 -0.6556946
2.0818216 -1.8018276
5.9898328 -0.6389389
23.5459183 -1.6217100
23.4008563 -1.6555203
13.3728044 -0.5971818
11.5849758 -1.0793746
11.9234342 -0.6505040
-12.7183413 -0.6129614
21.3278173 -2.0939844
2.2106395 -1.7399861
-11.4697282 -1.2594107
-9.3588881 -2.2828646
3.0745979 -2.3014565
-2.6768867 -2.0029874
-6.5303229 -0.8373464
20.6649245 -1.4575496
-5.3731051 -0.8755495
-14.1242441 -1.3030409
-15.8542070 -2.1519414
-14.4541216 -1.5116492
9.2584317 -1.9929844
-2.0681220 -1.9253113
-0.0501724 -0.5742998
-8.6434210 -1.6753517
-7.9266630 -1.3962182
-11.0067859 -1.3852107
18.7639981 -0.4618935
-12.0735605 -0.6938334
6.6778348 -0.6218679
0.1922532 -0.4272398
13.3226644 -0.6460604
14.5875626 -1.7675700
1.7296835 -1.4936104
-12.6254135 -0.8666361
23.3736795 -1.8597368
-3.4488094 -2.4234745
-13.0484326 -0.6840315
-14.0704779 -1.0187619
7.2484009 -0.9840999
15.3901829 -2.0448103
-6.4125601 -0.4139170
-10.1155245 -2.0249056
-5.2347922 -1.2479023
8.8849930 -2.2718475
-8.7781293 -1.8425160
1.9462270 -2.0472584
16.3756685 -1.8786593
-11.8710797 -0.6075003
-1.2220585 -1.2680087
13.0609738 -0.7748503
-14.9658732 -1.6500158
20.6352765 -1.2617518
15.3380481 -2.1240799
4.4999453 -1.5982370
3.9965682 -2.0387973
11.5795940 -1.0759651
12.3817558 -0.7223407
-0.7727569 -0.5189236
4.6255643 -1.3469069
6.0816034 -0.5097070
-14.7879304 -1.5767412
-11.0542135 -1.5351043
-4.3542675 -1.3532639
21.7657084 -2.2370565
-3.6451580 -2.0311356
-5.7734404 -0.7001911
23.3720635 -1.6710050
15.2925217 -2.1980104
1.9644116 -1.6618364
5.6489053 -0.7194922
2.5368494 -1.9269056
20.5100915 -1.4203193
17.2730386 -1.5087735
13.0971316 -0.7850069
-2.0583086 -1.6351999
2.7606930 -2.4109285
23.2239869 -2.1409968
-4.8435446 -1.5052525
1.6914932 -1.4262631
20.7696208 -1.4510870
-15.2706762 -1.8278012
15.8316615 -2.0558076
-6.6722985 -0.8094897
14.0703113 -1.0770785
6.3089179 -0.7296552
5.6409011 -0.6172474
6.9890946 -0.7450322
-10.8824198 -1.8196310
-12.7884712 -0.7264458
3.3948187 -2.2511269
-6.8485096 -0.7945235
2.7532841 -1.9435449
-2.1609449 -1.8297407
8.5146381 -2.1648980
-9.5607899 -2.0046676
8.3943530 -1.7588589
8.7329559 -1.9869216
14.4502112 -1.3355107
-0.3976680 -0.9467068
-11.4360524 -1.1085352
-3.1215914 -2.2507659
-0.4987603 -0.7053270
-12.1510579 -0.5672339
15.4628389 -2.1208852
22.0602387 -1.9538372
-9.0773326 -2.0060182
