0.1059870 1.5466502
0.6471743 1.8479873
-0.9278398 -2.1629641
-0.8250043 2.1815156
2.6813678 -5.1492772
1.5146054 -0.0962197
-0.2061503 0.9332898
0.3172576 2.6838240
1.1619878 1.3312316
-0.0540828 1.9354449
2.9678568 -4.4291055
-0.8798275 3.9401373
0.9723549 -0.4282762
1.7797364 -0.4206006
-0.6801976 1.5055580
-0.1648272 0.8257800
0.7515105 0.8072745
-0.2026100 -1.6734529
2.2211006 -3.0592367
2.4240826 -1.1815226
2.8934757 -2.1155755
1.2914133 -0.3522717
2.2177306 -2.3805253
2.0161170 -1.9201539
0.9529113 -1.4077885
2.3633455 -1.3304539
1.6392630 -0.3137978
0.3904574 -0.4590334
0.7846557 -0.7953557
0.4426423 -1.5471725
-0.2054866 1.5404470
0.3565618 -0.2046422
-0.1850062 -2.4180917
1.0673764 -1.2769461
-0.2378655 -1.3502957
-0.3392423 2.7674686
0.3732449 -0.5602357
-0.5278224 -0.0359704
-0.7247366 1.6990970
0.0830995 0.0903317
-0.0754388 1.2959357
0.7880269 -0.4837442
2.0497938 -1.3607966
0.5517037 0.1305699
1.8102117 -1.4163420
1.6504439 -1.4192455
0.4968655 0.1932640
1.7382911 -1.6690775
1.0773509 -2.0455847
2.4872925 -1.6168504
